1 8
1 1 1 3
4 1 1 2
4 1 1 3
1 1 1 2
2 1 1 5
1 1 1 10
4 1 1 1
3 1 1 10
2 3
2 1 1 3
3 1 1 5
3 1 1 2
3 6
3 1 3 9
3 1 1 10
1 1 2 9
2 2 2 3
1 3 3 3
3 2 2 3
8 7
1 2 7 5
2 3 4 8
2 6 6 10
4 7 8 3
2 5 5 10
3 1 1 1
3 5 7 2
9 10
3 2 3 3
2 8 9 6
1 9 9 9
4 1 2 2
1 1 9 10
1 2 2 2
4 3 7 3
1 1 3 4
3 1 2 5
2 1 7 6
5 1
1 1 2 9
1 4
1 1 1 8
1 1 1 6
2 1 1 6
3 1 1 3
6 10
3 2 2 5
1 1 1 7
4 2 3 2
1 4 5 3
1 1 2 7
3 4 5 2
3 2 4 3
4 2 5 1
3 2 2 8
4 1 3 2
2 6
1 1 1 1
2 1 2 4
2 1 2 6
2 2 2 10
4 1 2 1
4 1 1 2
4 4
3 4 4 1
2 1 1 10
4 4 4 1
4 2 2 2
4 9
1 1 2 10
2 1 2 1
3 3 4 4
1 1 2 8
1 1 1 4
3 1 1 2
3 1 2 3
3 1 1 8
2 3 3 5
8 3
2 3 3 10
1 2 3 3
3 2 7 1
8 5
4 6 7 2
2 5 8 5
4 1 2 1
2 4 8 7
2 4 8 1
6 6
2 5 5 7
3 5 5 7
4 1 4 2
3 1 1 4
4 3 4 2
4 4 4 2
3 5
4 1 1 2
2 2 2 6
2 1 1 6
4 1 1 2
1 1 1 10
7 7
3 4 4 10
4 2 2 2
4 1 4 2
1 1 1 7
1 1 2 3
4 1 1 1
3 2 3 1
5 6
1 2 3 7
2 2 2 10
2 2 2 10
3 1 2 9
3 1 2 1
1 2 3 9
4 1
1 1 1 4
3 6
4 2 3 3
3 1 1 2
1 1 2 4
4 1 1 3
4 1 2 3
4 1 1 1
8 5
4 2 4 2
4 3 6 2
3 7 7 10
1 1 1 3
4 1 1 2
1 8
4 1 1 1
4 1 1 1
4 1 1 2
1 1 1 5
4 1 1 1
1 1 1 5
4 1 1 2
1 1 1 5
8 3
3 2 4 1
2 2 3 7
2 3 7 5
10 6
1 2 7 10
3 7 10 2
4 2 7 3
2 1 1 1
1 3 4 7
1 1 3 9
9 10
4 2 2 1
4 7 7 2
4 5 9 3
4 2 2 2
4 2 2 2
1 8 8 6
2 1 6 9
3 2 3 4
1 3 5 8
2 2 8 6
6 10
4 2 4 1
3 1 1 6
2 1 1 10
4 1 4 3
2 2 5 3
2 4 5 7
3 2 5 5
1 3 4 3
3 1 1 5
3 5 6 5
6 5
4 1 5 2
2 1 2 4
1 2 6 7
1 1 1 1
1 3 6 3
10 3
4 7 8 2
2 4 8 10
2 3 3 3
7 5
4 1 1 2
1 1 6 9
1 3 5 4
2 3 6 8
3 1 1 2
3 10
4 2 3 3
1 3 3 9
2 1 3 6
3 1 1 8
2 1 1 6
3 2 3 9
1 2 2 1
4 2 2 1
4 1 2 2
1 1 2 7
9 2
4 2 4 1
1 8 8 2
8 3
1 5 7 7
4 1 2 2
2 4 4 4
7 9
3 2 6 4
1 6 7 10
3 2 4 8
2 1 1 1
2 2 3 1
3 5 6 8
2 4 5 5
4 3 6 1
3 1 6 1
9 9
2 2 3 8
4 2 4 3
3 2 3 1
1 1 1 8
4 7 8 1
4 4 6 3
2 4 6 3
2 7 7 3
4 6 9 3
6 10
4 2 4 1
2 1 1 9
1 1 1 10
4 1 1 3
4 2 4 2
2 2 2 6
4 3 3 2
4 2 3 3
1 2 2 3
2 2 5 3
4 3
3 1 2 6
2 1 1 6
1 3 3 2
3 5
3 1 1 6
4 1 1 3
3 1 2 3
3 1 1 1
1 2 2 4
4 6
2 3 3 10
2 3 4 7
1 1 1 10
3 4 4 3
3 2 3 2
1 2 4 4
3 2
4 2 2 2
1 1 2 6
3 5
2 1 2 3
3 3 3 3
4 1 1 2
2 1 2 5
3 2 3 7
8 2
2 2 4 4
2 2 4 7
10 1
1 1 1 10
5 6
1 1 5 8
1 3 4 3
2 1 4 3
3 5 5 8
2 3 4 1
3 3 4 6
6 10
3 1 1 4
3 2 2 10
4 2 2 3
2 2 5 3
1 1 3 4
1 3 3 5
1 1 3 5
2 2 2 6
3 1 1 5
4 2 2 1
6 4
3 3 4 1
4 1 1 1
2 5 5 2
1 6 6 5
3 1
3 1 2 1
3 8
4 2 2 3
1 2 2 10
3 1 1 2
4 2 2 3
3 3 3 8
4 1 1 3
2 3 3 8
1 1 1 6
3 7
3 1 1 8
1 3 3 2
2 1 1 10
2 2 3 8
2 1 1 6
1 1 3 9
1 1 1 8
6 7
3 1 1 3
1 1 2 7
2 4 4 8
4 4 5 2
2 2 3 3
1 2 4 5
1 1 5 8
8 8
2 3 4 3
4 3 3 1
2 1 1 6
4 5 8 2
4 1 2 3
1 5 5 7
4 6 7 2
3 2 3 1
9 8
3 1 3 4
3 6 8 1
1 5 5 4
2 4 5 2
1 3 7 5
3 3 8 1
2 1 5 7
4 3 7 2
10 9
1 2 3 7
2 2 4 9
1 1 3 9
1 1 6 4
4 2 8 1
3 1 8 8
4 1 3 1
2 1 4 5
1 5 7 2
5 5
2 1 1 2
4 1 3 1
2 1 5 7
3 1 5 4
4 1 3 1
7 10
1 3 3 3
1 1 6 3
1 3 5 2
2 5 7 6
1 1 6 9
2 1 3 2
1 2 3 9
1 1 3 9
3 1 1 5
1 3 4 10
8 6
4 1 2 1
4 1 2 2
4 5 8 1
3 3 6 10
3 2 2 4
3 4 4 5
5 9
1 2 5 7
4 1 1 1
2 3 3 9
4 1 1 1
3 1 2 4
3 2 2 2
4 2 5 2
4 4 4 3
4 2 2 2
8 6
3 1 1 3
2 3 3 2
4 4 7 1
1 2 2 4
4 4 5 3
3 6 6 8
10 10
4 2 9 2
2 1 3 6
1 1 2 8
3 1 5 2
4 2 7 2
3 1 7 8
3 1 1 4
3 2 3 3
3 1 1 9
4 1 1 1
7 6
4 3 4 1
1 2 4 10
4 5 5 1
2 3 4 9
3 3 5 6
2 5 7 3
2 10
3 1 1 6
3 2 2 10
1 1 2 9
3 1 1 5
3 2 2 3
1 1 1 5
2 2 2 8
4 1 1 2
2 1 2 4
3 1 1 4
6 9
2 1 5 9
1 5 5 3
1 1 2 7
2 3 4 6
3 1 5 2
3 2 3 7
3 2 3 8
4 2 2 1
3 6 6 7
8 7
2 2 8 3
3 3 6 10
4 1 1 2
1 8 8 10
4 1 1 1
4 1 2 2
1 4 5 4
4 10
2 1 1 8
1 2 4 2
1 2 3 10
2 1 2 8
1 1 1 1
1 2 3 10
2 1 2 5
1 1 2 5
1 1 3 10
4 2 3 1
9 3
1 1 6 7
1 3 4 4
1 7 9 9
7 2
3 2 3 8
2 1 1 1
7 2
3 3 4 2
3 5 6 10
6 4
1 1 2 10
4 1 4 3
4 2 2 3
1 1 3 5
4 8
2 2 2 5
2 1 2 10
3 2 2 5
1 1 2 1
4 3 3 1
2 2 3 7
4 1 3 3
4 1 1 2
1 1
1 1 1 1
2 9
2 1 1 6
4 1 1 3
2 2 2 10
3 1 1 8
1 1 2 1
1 1 1 4
3 1 1 6
3 1 1 8
3 2 2 4
9 10
3 3 3 7
4 6 9 2
1 6 9 1
3 3 5 5
3 1 5 9
3 9 9 2
2 1 2 4
2 2 3 6
1 3 3 6
2 3 5 8
1 5
4 1 1 2
3 1 1 4
3 1 1 5
3 1 1 3
1 1 1 2
10 4
4 5 7 1
2 2 5 1
1 2 5 6
1 1 7 2
5 4
3 4 5 4
2 1 2 3
3 1 1 6
2 1 1 9
7 1
1 2 3 4
4 8
1 3 3 5
1 1 3 9
2 1 1 2
2 1 4 8
3 1 4 9
2 2 2 10
2 2 2 1
3 2 4 10
5 4
4 4 4 3
4 3 3 2
1 1 2 8
2 2 3 10
8 4
2 5 8 7
2 1 2 4
1 1 1 9
3 1 1 9
1 6
1 1 1 4
3 1 1 8
2 1 1 2
3 1 1 5
1 1 1 4
3 1 1 7
1 9
4 1 1 2
2 1 1 8
4 1 1 2
3 1 1 9
1 1 1 3
1 1 1 6
2 1 1 7
4 1 1 1
3 1 1 6
5 7
2 2 4 4
4 1 2 3
4 1 1 3
3 1 1 1
2 2 4 8
1 1 2 8
1 3 5 2
1 8
4 1 1 1
1 1 1 5
3 1 1 3
4 1 1 1
3 1 1 6
1 1 1 2
2 1 1 7
3 1 1 8
5 6
1 3 3 4
3 1 5 1
4 3 4 1
3 1 4 2
4 1 1 3
4 4 5 1
10 9
3 2 4 6
4 3 5 2
2 4 4 9
1 1 4 3
3 2 5 7
1 9 10 7
4 5 10 1
4 1 2 1
1 6 9 5
7 8
1 4 4 6
4 1 7 1
1 6 6 10
1 4 4 10
3 3 6 4
1 2 2 2
4 4 6 3
2 3 5 4
3 1
2 1 2 6
3 5
1 2 3 7
3 2 2 7
4 2 3 3
2 2 2 7
4 1 1 1
2 5
1 2 2 3
3 1 1 8
4 1 1 2
4 2 2 2
2 1 1 5
10 3
2 1 1 6
4 1 1 2
3 4 7 1
10 2
1 1 1 8
1 1 1 8
1 9
2 1 1 5
3 1 1 8
1 1 1 2
2 1 1 3
3 1 1 4
4 1 1 3
4 1 1 3
3 1 1 1
1 1 1 5
1 9
1 1 1 2
4 1 1 2
4 1 1 3
2 1 1 7
3 1 1 1
1 1 1 1
4 1 1 3
1 1 1 3
3 1 1 4
4 1
2 1 1 8
6 5
2 1 1 2
4 1 3 3
4 1 1 1
1 3 3 9
1 1 1 8
8 6
2 5 8 3
2 2 3 10
2 2 5 6
1 1 1 3
3 1 2 6
3 4 4 3
8 2
4 1 1 3
2 1 1 4
8 6
2 5 8 10
3 1 8 7
4 5 8 2
1 5 5 10
2 1 4 1
1 1 2 1
6 10
3 1 6 1
1 4 5 8
4 3 4 2
1 1 2 10
2 1 1 7
4 1 2 1
3 1 6 8
2 1 1 1
1 2 2 10
4 4 4 3
10 9
4 2 3 1
2 5 7 7
4 9 9 1
1 4 9 9
2 1 8 10
1 4 5 6
2 2 9 4
2 3 4 3
2 5 8 2
5 7
2 4 4 1
2 1 2 2
2 3 5 7
3 1 3 6
3 1 1 1
1 1 1 6
3 1 1 7
10 2
2 1 2 3
3 2 10 10
5 7
2 1 1 7
4 3 3 3
3 1 5 8
3 3 3 3
1 1 3 1
1 1 5 8
1 1 2 1
3 1
4 2 2 1
2 4
3 1 2 1
4 1 1 3
1 2 2 2
4 1 1 1
1 5
2 1 1 1
4 1 1 3
3 1 1 3
2 1 1 10
4 1 1 2
8 3
1 1 1 1
2 1 1 10
4 1 1 2
4 10
2 1 1 8
1 1 2 7
3 2 3 1
4 4 4 3
2 1 1 7
1 1 2 8
1 2 3 7
4 1 1 2
3 1 1 8
2 2 3 8
10 7
3 1 9 7
4 4 9 3
2 1 6 7
2 7 9 8
2 3 4 9
2 2 3 7
4 3 3 1
5 7
4 2 2 2
3 3 3 1
1 1 3 7
4 1 4 1
4 1 1 2
3 4 4 10
2 2 5 4
2 3
4 1 1 2
3 1 1 5
3 2 2 6
6 10
1 2 2 7
4 1 2 1
1 1 3 7
1 3 4 1
1 1 3 9
2 2 2 2
4 1 2 1
1 2 4 8
4 2 3 2
4 2 4 2
9 3
1 3 8 6
2 4 4 4
3 5 8 8
9 2
3 1 1 2
3 4 9 6
3 1
1 1 2 1
4 5
4 1 1 2
3 3 3 10
1 2 3 6
1 1 2 9
3 1 2 3
7 8
3 4 6 8
3 3 3 3
4 1 3 2
1 5 5 7
2 2 4 1
1 7 7 10
2 1 1 8
4 1 2 1
1 2
4 1 1 1
3 1 1 6
4 6
3 3 3 8
3 3 4 2
1 3 3 8
2 2 4 9
2 2 4 2
3 1 1 7
9 6
4 2 2 1
4 4 4 2
4 1 2 3
2 1 2 10
2 1 5 9
2 1 1 1
7 8
3 6 7 3
1 4 5 10
2 1 1 3
2 1 2 7
4 1 2 2
3 3 4 6
1 1 1 10
3 5 7 3
9 9
4 3 3 2
4 8 9 3
4 1 3 2
1 2 7 2
3 3 7 5
4 9 9 1
1 3 9 7
2 4 4 10
3 1 4 1
3 3
1 1 1 3
4 2 2 1
1 1 3 9
7 10
1 3 6 7
1 1 5 2
4 3 3 3
2 2 2 8
1 2 2 4
1 2 3 2
2 2 4 1
2 2 3 3
3 6 6 8
2 2 3 1
2 1
1 1 1 10
7 2
4 2 6 3
4 3 6 2
7 3
4 2 7 2
3 1 1 4
3 5 5 6
6 1
2 4 4 1
4 4
2 4 4 5
1 4 4 7
1 1 2 9
3 1 1 7
10 6
4 2 3 3
4 2 2 3
3 5 8 4
4 1 4 1
3 5 5 9
1 2 8 8
10 9
3 6 10 9
2 8 9 1
1 3 7 4
1 3 3 5
2 3 3 6
1 4 7 4
4 6 6 1
2 2 2 9
3 3 3 9
6 3
2 6 6 4
3 3 3 9
4 4 4 2
10 4
3 5 5 5
3 7 8 10
2 6 9 7
1 2 2 7
8 9
1 3 6 7
2 1 1 7
4 1 5 2
4 1 2 1
4 1 8 2
1 1 1 7
3 3 4 5
1 1 3 4
1 8 8 6
7 3
3 2 6 7
2 1 1 6
1 5 6 4
10 1
3 9 10 5
9 6
2 1 6 8
2 1 2 8
2 1 1 5
3 6 8 6
3 5 6 9
4 6 7 2
8 4
3 2 7 6
2 5 5 2
4 1 2 3
1 1 3 10
3 1
4 3 3 1
6 6
3 1 1 3
4 3 3 3
4 3 4 3
3 1 1 1
3 5 6 6
2 1 2 3
2 4
4 2 2 2
2 2 2 9
1 2 2 2
3 2 2 9
4 1
2 2 2 7
5 5
2 1 1 7
3 5 5 4
3 3 3 7
1 5 5 4
2 1 1 8
1 4
2 1 1 9
3 1 1 2
2 1 1 9
4 1 1 1
1 10
3 1 1 7
4 1 1 3
1 1 1 3
2 1 1 2
3 1 1 7
1 1 1 4
1 1 1 8
3 1 1 6
2 1 1 5
1 1 1 3
7 6
1 3 5 8
2 4 5 5
1 1 4 5
3 2 4 4
4 3 3 1
2 2 4 3
7 9
2 1 1 4
4 5 5 1
1 1 1 7
4 3 5 2
2 4 6 9
4 1 3 3
3 5 5 1
1 1 4 6
4 1 3 2
6 6
3 3 5 8
2 2 4 6
1 4 5 9
1 4 6 10
1 1 3 1
2 4 6 6
8 6
3 5 7 7
2 1 7 8
3 3 7 2
3 2 3 6
1 4 5 5
2 2 2 3
5 1
4 5 5 1
3 7
3 1 1 6
2 1 2 5
4 2 2 2
1 1 2 10
1 2 2 4
2 1 2 10
3 1 2 9
1 6
1 1 1 9
4 1 1 1
3 1 1 9
1 1 1 1
3 1 1 8
4 1 1 2
2 2
3 2 2 8
3 1 1 10
5 10
1 1 1 3
4 1 5 1
3 5 5 6
3 1 2 1
4 3 3 2
2 1 1 1
2 1 1 2
3 2 5 4
2 1 1 5
1 3 3 1
9 7
1 2 5 2
3 3 4 3
4 2 6 1
4 1 2 3
3 1 4 9
2 7 7 10
4 1 1 2
3 6
4 1 1 2
1 2 3 8
2 1 3 1
3 1 1 6
1 3 3 6
2 1 1 4
9 9
1 1 7 5
4 2 2 3
2 1 1 7
4 5 5 2
4 3 6 2
1 5 6 5
2 4 5 4
2 1 1 7
4 1 1 1
2 9
2 1 2 9
2 1 1 3
1 1 1 2
4 1 2 3
2 1 1 6
3 1 1 7
1 2 2 1
4 1 1 1
2 1 1 3
3 1
1 1 2 6
8 9
2 1 2 9
3 1 2 9
2 2 2 1
2 1 3 2
3 2 2 8
4 6 7 1
3 1 6 3
1 1 1 1
3 5 6 7
9 9
2 2 2 5
1 5 5 9
3 1 2 2
1 7 7 9
3 3 7 10
1 8 8 7
2 1 3 8
4 2 2 2
3 1 8 8
5 4
2 5 5 9
1 2 2 8
1 2 3 9
2 1 4 5
4 2
4 2 3 3
1 4 4 5
5 3
3 4 5 8
1 4 5 6
4 1 1 2
1 7
2 1 1 4
1 1 1 4
4 1 1 3
2 1 1 5
4 1 1 2
3 1 1 9
2 1 1 5
9 2
2 2 2 5
1 7 9 3
5 6
1 1 1 2
1 2 3 4
4 3 4 1
1 1 2 5
2 2 3 5
3 1 1 10
9 10
3 1 2 4
1 1 1 1
1 3 7 2
1 6 7 6
1 1 1 9
2 1 2 8
4 7 9 3
1 2 3 10
3 2 3 3
4 2 4 3
10 9
4 5 10 1
4 1 1 2
4 6 6 1
2 3 5 7
3 4 4 9
2 1 8 3
1 9 10 5
1 4 4 10
4 5 9 1
4 4
3 1 4 10
1 1 1 5
2 1 4 10
1 1 2 1
5 2
1 1 4 7
1 2 2 8
3 9
2 1 1 2
4 3 3 3
4 1 1 2
3 2 2 2
3 2 3 2
4 2 2 1
3 2 2 6
1 1 1 8
4 2 3 2
4 3
1 1 3 6
2 1 1 6
2 3 3 3
8 8
1 6 6 7
4 4 5 3
1 1 1 4
2 2 8 2
3 4 4 6
4 1 3 3
3 2 7 7
2 6 6 8
8 5
3 2 3 9
3 7 7 2
3 2 3 4
1 1 2 4
4 1 7 1
5 6
1 2 2 8
4 1 1 1
1 2 4 2
3 1 2 4
4 1 4 3
4 3 4 3
3 3
1 1 2 1
3 3 3 5
2 2 3 2
9 9
1 6 8 4
2 1 1 1
2 2 4 7
3 4 6 9
1 7 9 3
4 7 7 2
3 1 1 1
4 4 5 2
4 3 6 1
2 7
4 2 2 1
1 1 1 6
4 1 2 3
1 1 2 3
4 2 2 3
3 2 2 8
2 2 2 6
5 8
2 2 4 10
2 1 5 8
1 3 4 4
4 4 4 1
1 3 4 4
1 1 1 4
1 1 1 9
3 4 4 7
4 2
1 2 3 2
1 1 2 8
3 5
3 1 1 7
2 1 1 9
1 1 2 4
1 1 1 7
4 2 3 2
2 5
2 2 2 3
1 2 2 4
2 2 2 8
1 1 1 1
3 1 2 3
10 2
3 3 6 5
4 1 1 1
8 1
1 3 8 10
9 3
1 4 5 9
4 2 3 2
3 1 1 6
10 4
3 4 7 3
1 5 8 6
4 2 2 2
2 1 2 10
1 7
4 1 1 1
2 1 1 4
2 1 1 9
3 1 1 4
3 1 1 1
2 1 1 7
2 1 1 3
3 4
1 2 2 9
3 1 1 10
4 1 2 1
3 2 2 7
1 10
4 1 1 1
4 1 1 2
4 1 1 1
3 1 1 5
1 1 1 4
1 1 1 5
3 1 1 8
1 1 1 6
3 1 1 4
1 1 1 3
8 6
3 3 8 5
2 4 8 4
1 2 7 10
1 4 8 2
2 7 8 1
3 4 5 1
5 5
4 2 3 2
4 2 5 3
4 1 5 3
4 1 2 3
1 1 2 8
3 5
4 3 3 2
2 1 2 7
1 2 3 8
2 1 2 8
1 2 3 10
3 4
1 1 3 9
2 2 3 8
1 1 2 2
3 2 2 9
8 8
4 1 1 2
4 2 3 2
4 1 2 1
1 1 1 8
2 6 8 10
1 1 7 9
1 2 8 10
1 1 1 4
8 10
3 7 8 1
4 6 6 3
1 3 3 4
3 5 5 7
4 5 6 1
2 4 4 1
1 1 1 6
2 3 4 1
3 2 8 1
1 1 3 5
7 3
2 2 3 6
2 2 2 5
2 3 3 9
3 2
4 1 2 2
1 2 2 5
6 2
3 5 6 4
2 1 4 4
5 10
3 1 1 2
3 2 3 6
1 2 3 2
4 1 4 2
1 4 5 6
2 2 2 3
1 1 4 6
4 1 2 1
3 4 5 4
4 3 4 1
3 7
1 1 1 5
1 2 2 4
3 2 2 9
2 3 3 8
2 3 3 8
3 1 1 7
1 1 1 7
10 9
1 1 1 3
4 3 8 2
1 1 6 1
3 3 7 3
2 8 10 3
2 6 9 10
3 4 6 6
1 2 9 10
4 4 4 2
10 9
1 3 6 10
3 3 3 8
4 3 3 1
4 2 7 1
1 2 2 7
3 1 1 5
3 3 4 8
2 1 6 1
2 8 9 10
7 8
1 1 2 4
1 2 2 5
2 1 5 4
3 4 5 7
4 5 5 3
4 6 6 2
2 3 3 2
2 3 4 7
8 5
2 1 1 4
2 2 8 6
1 2 5 10
4 2 2 1
4 5 7 3
10 3
4 5 9 1
2 1 3 1
4 4 5 2
7 6
4 1 1 1
4 5 5 2
3 3 5 5
3 2 3 10
4 4 7 1
4 1 1 1
4 7
2 3 4 3
4 1 1 2
4 2 3 1
3 1 4 7
1 2 2 9
1 1 4 1
3 2 2 5
10 8
3 5 6 5
3 2 4 3
1 4 5 9
1 1 5 8
3 1 1 8
1 4 8 4
4 2 4 2
2 3 9 2
8 6
3 1 2 7
4 2 3 2
3 5 7 4
1 3 3 10
2 2 3 5
2 1 1 1
1 2
4 1 1 2
4 1 1 2
6 10
1 1 1 2
1 2 4 1
2 5 5 9
2 1 2 7
4 1 3 2
4 1 1 3
2 1 1 3
1 5 6 6
1 1 1 4
3 1 6 6
6 3
4 1 1 2
1 4 5 5
1 1 1 4
3 5
2 1 2 8
2 1 1 10
4 1 1 3
1 2 2 6
3 2 2 2
1 1
1 1 1 1
4 4
3 1 3 4
3 1 1 6
1 1 2 3
3 3 3 2
10 5
4 2 2 1
3 1 1 1
2 2 2 9
4 3 8 1
1 7 9 2
10 6
2 5 7 10
1 3 3 2
3 1 4 6
3 2 2 9
2 1 1 6
3 9 9 8
1 4
1 1 1 1
2 1 1 2
3 1 1 1
1 1 1 1
7 5
2 1 1 3
2 3 3 8
1 2 4 10
3 5 6 3
2 5 6 7
8 5
1 4 8 5
1 2 5 6
4 4 7 2
1 6 6 4
3 3 8 6
10 7
4 4 6 2
1 5 10 7
4 9 9 1
4 4 9 1
2 5 8 9
1 3 10 5
4 7 10 2
9 8
3 6 9 5
4 3 3 2
4 2 2 2
4 3 4 2
2 1 9 4
1 4 9 4
2 1 2 2
4 1 1 2
3 8
3 3 3 4
2 1 2 3
3 1 2 9
2 2 2 1
3 1 3 10
1 2 2 4
4 1 3 1
3 2 2 4
5 8
4 2 2 3
2 2 2 1
2 3 3 2
3 2 2 10
2 1 1 8
1 3 5 2
1 4 5 8
1 3 4 8
8 7
4 1 5 2
4 2 5 3
1 1 1 6
2 3 4 1
3 2 3 4
1 1 8 2
3 4 8 4
9 7
3 1 4 2
3 6 6 2
4 1 5 2
2 3 7 4
3 2 2 9
4 5 9 2
1 6 7 7
4 5
4 1 3 1
3 2 4 1
2 4 4 3
2 3 4 3
1 3 3 7
8 6
4 5 5 3
3 1 8 9
3 3 8 5
2 3 7 1
4 1 5 2
4 3 7 2
5 1
3 1 1 8
3 6
3 2 3 1
1 1 2 2
3 1 1 9
2 3 3 3
2 3 3 4
2 1 1 10
3 3
2 1 1 9
2 1 1 4
3 3 3 9
9 7
1 1 1 6
4 2 4 1
3 3 5 9
4 3 5 1
3 1 6 9
1 1 1 7
4 8 8 1
9 7
3 5 8 10
2 7 7 8
2 6 9 9
1 7 9 2
3 2 5 8
4 1 3 3
3 5 9 4
7 6
4 6 7 2
3 1 1 4
1 2 5 6
2 1 6 7
3 5 6 4
1 1 1 8
3 8
3 1 1 7
1 1 1 8
2 1 1 8
3 2 2 4
1 3 3 2
3 1 1 3
3 1 1 2
3 2 3 7
5 1
3 1 4 1
8 2
3 4 7 6
4 2 6 2
1 7
1 1 1 5
1 1 1 9
2 1 1 7
4 1 1 3
1 1 1 10
3 1 1 2
3 1 1 1
2 1
2 1 1 3
8 10
4 4 8 3
1 2 2 5
1 2 3 5
3 1 7 6
2 1 5 5
4 5 5 2
1 2 2 9
2 1 2 10
3 3 3 7
1 1 8 5
9 3
3 7 7 9
3 2 5 6
4 1 2 2
5 2
3 1 1 9
3 2 2 5
9 3
3 8 8 5
2 1 6 6
2 2 2 8
1 6
4 1 1 2
3 1 1 2
4 1 1 1
3 1 1 9
4 1 1 1
1 1 1 3
6 2
3 1 6 3
1 3 3 2
9 9
2 1 1 4
4 1 3 1
3 1 6 5
1 7 8 1
3 1 8 10
4 3 3 2
4 5 6 1
2 3 5 2
2 1 8 6
4 1
2 3 4 10
5 7
4 2 4 3
3 1 2 9
3 2 3 9
1 1 3 7
1 3 4 2
4 1 3 1
4 3 3 2
7 3
2 3 5 7
1 4 7 10
1 1 2 10
10 8
1 1 1 10
2 2 8 9
4 1 1 3
4 3 9 1
2 4 7 7
3 6 7 2
1 2 10 7
1 2 7 5
6 6
2 4 6 3
4 1 1 3
3 1 1 9
4 2 3 2
2 2 2 7
3 3 3 3
3 7
1 1 2 7
2 3 3 6
2 1 1 9
1 1 1 1
1 1 1 7
1 1 2 8
2 2 2 1
10 4
2 1 1 5
1 2 4 2
3 1 4 7
2 6 9 3
6 6
1 1 1 3
4 3 4 1
4 1 2 1
3 1 3 1
4 3 5 3
2 1 1 9
1 4
3 1 1 6
4 1 1 3
2 1 1 8
1 1 1 4
6 3
2 3 6 8
4 1 2 2
2 5 6 3
6 8
2 2 2 2
1 3 4 8
2 1 3 7
1 1 1 4
4 1 2 2
1 2 2 1
2 1 1 2
2 3 4 2
3 2
1 3 3 3
4 3 3 2
1 8
4 1 1 1
2 1 1 5
2 1 1 5
3 1 1 3
1 1 1 4
3 1 1 4
4 1 1 1
4 1 1 2
5 7
2 1 1 8
2 3 5 3
4 2 4 1
4 3 5 2
1 1 2 8
3 2 3 1
2 3 3 9
10 2
4 5 6 3
3 8 8 6
4 10
3 2 4 8
3 1 4 5
1 1 1 4
4 1 1 2
3 1 3 2
2 2 3 6
4 2 2 1
4 1 1 3
1 3 3 2
1 3 4 3
5 5
2 2 2 10
3 1 3 7
1 1 1 9
2 1 4 4
1 1 5 10
7 8
1 1 1 10
4 1 2 3
3 3 3 1
1 5 5 3
3 1 7 4
1 1 1 2
2 1 3 9
1 1 4 10
7 2
3 2 2 4
1 2 3 4
4 7
3 1 1 8
1 1 1 5
2 2 3 3
3 3 3 9
3 1 1 6
3 2 2 4
1 2 4 1
9 7
2 5 9 3
1 1 2 9
3 3 6 1
3 2 5 5
1 1 7 8
2 2 6 3
3 3 8 3
7 10
1 7 7 10
3 2 2 7
1 1 6 7
4 1 1 3
2 2 3 10
3 3 6 4
4 2 3 2
4 4 7 2
2 1 1 2
2 4 7 1
9 5
1 1 3 5
4 1 1 1
4 2 8 2
4 1 2 2
1 2 6 5
6 8
3 2 5 9
3 1 1 2
4 2 2 2
1 4 6 8
3 1 2 1
3 1 1 4
4 1 6 1
3 3 5 3
10 6
3 2 4 2
2 2 2 5
4 1 1 2
2 1 8 5
1 1 10 8
4 3 3 1
1 4
1 1 1 7
1 1 1 10
2 1 1 10
3 1 1 7
10 1
4 1 3 3
10 3
2 1 1 4
4 4 7 2
2 2 5 10
7 1
4 1 2 1
8 2
4 1 5 3
2 1 8 9
1 10
3 1 1 1
1 1 1 5
3 1 1 9
4 1 1 2
1 1 1 5
2 1 1 4
1 1 1 7
4 1 1 1
3 1 1 4
2 1 1 3
3 8
3 1 3 4
4 1 1 3
3 3 3 4
4 2 3 2
1 1 1 9
4 2 3 2
2 1 3 4
2 1 2 6
8 3
4 6 8 1
1 2 2 1
2 3 3 10
4 3
4 1 1 2
2 3 3 2
1 2 2 10
3 9
3 1 1 10
4 1 1 2
4 3 3 2
1 2 3 10
2 1 3 10
3 1 1 5
2 1 1 9
2 1 3 9
3 1 1 2
2 1
2 1 1 6
7 10
4 1 1 2
4 1 5 1
3 1 4 5
3 2 4 3
4 2 4 2
4 1 1 1
3 5 7 9
1 1 1 1
3 1 1 7
3 1 1 5
2 10
1 2 2 6
3 1 1 3
1 1 2 1
4 2 2 1
1 2 2 8
3 1 2 10
2 1 2 10
4 1 2 2
2 1 1 7
2 1 1 1
4 9
3 4 4 10
3 3 4 7
2 1 1 9
3 1 1 4
4 1 2 1
2 4 4 6
3 1 2 1
4 1 2 3
4 1 1 2
4 3
3 1 1 6
3 1 1 7
1 3 4 1
5 6
4 2 5 3
1 1 2 4
4 1 1 1
2 2 2 3
4 1 1 1
1 1 3 1
5 8
3 5 5 7
3 3 4 3
3 4 5 5
1 1 2 10
4 2 2 2
1 3 3 8
4 1 2 3
1 2 2 10
1 8
1 1 1 7
2 1 1 2
4 1 1 3
3 1 1 9
3 1 1 7
2 1 1 1
1 1 1 7
1 1 1 5
3 7
3 1 1 2
4 2 2 3
3 3 3 10
1 1 1 4
3 1 1 3
4 1 1 3
3 1 1 1
3 5
3 2 2 3
1 1 2 5
4 1 1 3
4 1 2 2
1 1 3 5
10 10
4 2 8 3
3 1 10 2
2 1 1 6
2 2 9 10
1 6 7 7
1 5 8 3
1 2 2 5
3 2 5 1
4 5 5 3
4 7 8 2
9 4
3 2 7 4
1 5 8 7
1 2 8 6
2 1 2 2
7 5
1 4 5 5
1 1 6 1
3 5 5 9
4 1 5 1
4 2 5 2
8 4
3 3 6 1
4 5 7 1
4 7 8 3
4 3 4 3
5 9
1 2 2 8
1 3 3 3
1 3 4 1
3 1 5 2
2 3 3 2
1 1 2 6
1 3 3 6
2 1 2 1
3 5 5 9
7 3
3 1 2 3
1 5 5 6
4 1 2 1
8 6
2 2 2 5
2 2 3 5
1 1 1 7
4 4 6 2
4 1 3 1
2 4 6 7
4 8
3 2 2 4
3 1 1 10
3 1 1 10
4 2 3 2
2 1 1 9
2 1 1 8
1 3 3 2
1 1 1 7
6 6
4 1 1 1
4 4 4 3
1 3 3 2
3 1 2 9
3 2 4 8
3 1 2 4
6 8
2 2 2 6
4 2 2 2
4 1 2 2
2 1 1 3
4 1 2 1
4 3 3 1
2 2 6 9
3 5 5 5
4 9
2 2 2 8
2 1 1 5
1 2 4 9
2 1 1 5
4 1 1 1
1 1 1 4
4 4 4 3
1 1 1 6
4 2 4 1
10 2
4 7 8 2
3 1 3 6
2 9
3 1 2 4
3 2 2 8
2 1 2 1
1 1 1 2
3 2 2 3
4 1 1 3
1 1 1 9
3 1 1 3
4 2 2 1
10 2
1 2 7 5
2 4 4 9
1 3
3 1 1 1
3 1 1 2
1 1 1 5
10 1
1 6 7 4
2 6
4 2 2 1
4 1 1 1
3 1 1 7
3 1 1 4
1 1 2 10
4 1 2 3
10 7
2 3 9 1
4 1 1 2
4 2 2 1
2 4 7 10
3 1 8 10
3 6 6 3
2 4 6 5
9 9
3 2 2 3
2 2 4 7
4 2 3 1
2 2 4 8
1 7 9 4
3 8 8 5
1 1 1 8
3 1 1 9
3 4 9 1
8 4
4 5 6 2
1 1 1 4
3 1 1 2
4 1 1 2
6 7
3 2 3 6
2 1 5 6
2 1 2 6
2 2 5 8
3 1 3 9
3 1 1 6
2 1 1 1
6 3
4 4 6 2
3 1 1 10
1 2 2 3
3 3
3 3 3 5
2 1 1 3
4 1 2 1
6 5
2 2 5 6
4 1 5 3
1 2 6 3
1 1 3 10
2 1 2 6
6 10
2 2 2 7
3 3 5 5
2 1 4 1
4 4 6 1
3 3 6 3
2 1 6 9
4 1 2 2
4 1 6 2
4 1 1 2
2 4 4 1
4 1
2 3 4 1
8 6
4 2 4 2
4 5 6 1
2 4 7 1
4 1 1 3
4 2 5 2
3 3 3 9
5 3
1 1 1 6
1 1 1 7
1 2 4 4
9 1
1 2 5 1
1 10
2 1 1 3
2 1 1 2
1 1 1 3
3 1 1 9
2 1 1 5
1 1 1 9
3 1 1 1
3 1 1 5
3 1 1 1
3 1 1 6
7 10
4 2 5 1
2 1 1 5
1 1 6 5
2 1 6 6
1 3 6 10
4 4 5 3
3 1 1 1
3 4 7 8
1 1 3 2
4 1 1 3
9 8
1 4 4 9
4 8 9 1
2 1 7 10
3 1 5 8
1 4 6 7
3 1 7 9
2 2 5 2
3 1 5 5
5 5
4 1 1 3
1 3 4 3
3 2 4 9
3 1 3 9
3 2 2 6
2 4
1 1 1 1
1 1 1 5
2 1 1 4
3 1 1 5
6 7
3 1 2 4
2 2 2 4
1 1 4 6
3 1 1 6
2 2 2 4
1 3 4 10
2 1 1 10
10 4
3 5 5 8
2 2 3 3
3 6 6 2
2 3 8 4
4 10
2 2 2 1
2 1 1 5
4 2 4 1
1 1 2 7
3 3 4 1
1 1 4 3
1 3 3 8
3 1 1 3
4 2 2 3
4 2 2 3
4 8
4 2 2 3
1 2 3 5
4 1 2 3
4 2 3 2
3 1 2 9
4 1 1 1
1 4 4 9
4 1 1 2
9 3
3 4 5 5
2 4 9 4
3 1 3 4
7 5
4 1 7 3
2 5 5 1
4 5 7 3
2 2 7 7
4 4 4 1
8 1
3 3 3 9
1 4
3 1 1 3
2 1 1 9
3 1 1 8
1 1 1 7
5 1
1 1 4 2
10 2
1 1 1 5
1 2 3 9
6 7
4 2 4 3
2 1 5 9
3 2 4 3
3 2 2 5
4 2 3 3
4 2 2 3
2 2 3 10
4 7
2 1 1 8
2 1 4 4
3 2 3 9
2 1 3 7
3 2 2 9
1 2 3 2
1 2 3 10
7 6
1 1 6 5
3 2 3 2
4 3 6 2
3 1 1 10
4 3 4 2
3 1 3 10
4 7
1 1 4 8
3 2 2 5
4 1 3 1
4 1 1 2
1 2 3 8
1 3 4 3
2 3 4 10
7 8
4 1 1 3
2 5 5 10
1 4 7 4
4 5 5 1
1 1 1 3
2 2 3 6
4 1 1 2
2 2 5 4
3 8
4 2 2 2
2 2 3 1
2 1 2 8
2 1 1 4
4 1 3 3
1 2 2 6
3 3 3 5
3 1 3 3
3 3
2 1 3 10
4 3 3 3
1 3 3 1
8 2
1 3 5 3
1 3 4 1
6 3
3 4 6 5
2 6 6 6
1 1 1 4
10 10
1 2 9 6
2 8 8 4
4 1 1 2
2 1 2 7
1 4 5 10
2 1 1 2
3 1 2 2
2 3 8 8
4 4 9 1
4 2 4 3
4 5
3 3 3 10
1 2 2 1
4 1 1 2
3 1 2 10
2 2 2 4
5 3
2 1 4 2
3 3 4 7
2 1 3 6
2 7
3 2 2 8
1 1 1 1
2 1 1 8
4 2 2 1
4 1 2 3
4 2 2 2
1 1 1 8
10 8
2 6 7 8
2 2 6 10
3 1 3 8
4 2 9 1
1 3 9 6
4 6 6 2
1 2 2 5
1 8 10 1
5 7
4 1 2 2
3 1 3 3
3 1 5 4
1 3 3 7
1 4 5 10
3 2 3 3
3 3 3 6
5 2
4 2 3 2
3 4 4 6
5 3
1 3 4 9
1 1 3 7
3 1 1 7
8 7
1 2 2 4
1 1 1 10
4 8 8 3
2 2 6 7
3 3 5 7
1 6 8 6
1 2 8 8
8 1
1 1 2 9
9 5
4 2 9 3
3 3 4 1
2 4 5 8
1 2 2 5
4 2 3 1
5 1
2 2 2 2
4 8
2 1 4 2
2 1 3 9
2 3 3 2
1 2 2 6
3 1 2 3
2 2 4 3
4 1 3 1
1 1 1 6
6 4
2 1 1 7
3 4 6 2
2 1 1 7
4 1 1 3
3 4
2 3 3 1
3 2 3 6
2 1 3 9
4 2 3 2
4 2
2 1 2 10
3 1 4 5
7 10
1 4 6 1
1 2 2 1
4 3 3 1
4 1 1 3
3 2 6 10
1 1 1 8
2 1 4 10
2 1 2 7
3 7 7 9
2 2 5 5
8 9
4 3 6 2
2 3 4 10
2 1 1 10
2 6 8 2
1 1 7 3
2 4 5 4
1 3 6 7
4 2 4 3
2 1 1 4
10 1
1 5 8 3
8 2
3 1 1 7
3 2 2 10
10 3
4 3 3 2
3 4 7 5
2 2 5 8
10 7
4 6 9 2
1 2 7 6
1 1 3 10
2 5 7 8
4 3 8 2
2 2 8 10
2 1 4 2
9 2
4 4 4 2
4 8 9 3
1 8
4 1 1 2
4 1 1 2
1 1 1 2
2 1 1 5
2 1 1 3
2 1 1 6
4 1 1 3
3 1 1 2
9 9
2 1 1 4
1 2 9 7
4 1 5 1
1 3 7 7
2 2 9 8
3 1 1 8
4 2 4 3
2 8 8 1
3 4 7 2
4 5
4 1 1 1
2 2 2 8
1 3 4 6
2 1 1 8
4 1 3 1
8 2
3 1 1 10
2 5 6 8
9 1
2 5 9 3
10 8
1 7 7 3
3 3 3 6
2 1 1 9
2 5 7 3
2 4 7 8
1 8 8 10
2 8 10 8
4 5 8 3
10 4
3 1 3 2
2 8 10 7
3 1 3 3
1 2 2 7
6 10
4 1 1 2
1 4 5 1
2 2 3 3
2 3 5 1
2 2 3 8
3 2 2 3
1 1 5 3
4 1 4 3
2 2 6 7
1 4 4 7
10 6
3 4 7 10
4 5 7 2
4 2 6 1
1 2 8 4
1 3 5 8
2 2 3 2
1 1
1 1 1 7
7 8
2 3 3 9
2 2 6 8
4 1 4 3
4 4 5 3
3 2 3 3
3 2 5 7
4 1 2 1
4 6 7 2
9 6
1 1 2 2
3 3 5 7
2 3 3 2
1 5 5 5
1 9 9 2
3 2 3 3
6 1
3 2 5 4
1 3
4 1 1 3
3 1 1 1
4 1 1 1
5 8
2 2 4 9
4 2 4 3
2 2 4 3
4 1 3 3
1 1 4 6
1 1 3 7
3 1 1 6
3 1 4 5
7 8
2 1 3 9
4 1 5 2
4 1 1 1
1 1 1 1
1 6 6 3
2 1 3 5
4 3 3 2
1 2 6 8
3 2
4 1 2 1
2 2 3 7
5 9
4 2 3 2
3 1 1 2
4 3 5 1
3 3 4 9
3 1 2 4
3 1 1 1
2 5 5 6
3 1 2 6
1 2 5 9
1 9
2 1 1 3
2 1 1 5
3 1 1 5
1 1 1 6
4 1 1 1
2 1 1 10
2 1 1 2
4 1 1 3
2 1 1 7
7 3
2 2 6 10
1 1 5 10
2 1 2 6
2 4
3 1 1 1
1 1 1 8
2 2 2 10
2 1 1 3
10 2
1 4 4 7
2 2 2 8
3 8
2 1 1 4
1 1 1 5
3 2 2 2
3 1 2 1
3 1 3 9
2 1 1 2
4 1 1 1
2 1 1 7
3 4
3 1 1 2
2 3 3 3
2 2 2 1
3 1 2 5
1 7
4 1 1 2
4 1 1 1
2 1 1 9
4 1 1 3
3 1 1 3
4 1 1 2
4 1 1 1
2 3
3 1 1 4
2 1 1 4
2 1 1 3
10 1
2 2 3 2
5 5
1 1 1 2
3 2 3 2
4 2 3 1
4 2 4 2
3 1 2 1
8 4
1 3 7 7
1 1 4 1
1 1 2 2
4 5 6 1
3 3
1 1 3 10
1 3 3 7
4 2 3 1
4 7
4 1 1 1
1 1 1 5
4 1 4 2
4 2 2 1
2 1 1 10
1 1 1 2
3 1 1 5
4 1
1 3 4 7
8 6
2 7 8 5
2 4 5 6
4 1 1 2
2 1 1 2
4 1 3 3
2 7 8 8
9 3
4 5 5 3
3 1 6 8
1 2 7 8
5 8
1 5 5 6
1 2 2 4
2 1 2 9
3 4 5 4
3 3 5 4
1 2 2 9
2 3 4 4
2 1 1 6
2 8
2 1 2 4
1 2 2 3
1 1 1 8
4 1 1 1
1 1 2 4
4 1 2 1
3 1 1 10
2 2 2 2
7 10
4 1 7 2
3 2 4 8
3 1 2 10
4 3 6 1
2 2 4 2
1 1 2 2
1 2 2 9
4 2 3 2
4 2 2 2
4 3 4 1
7 1
2 1 2 8
9 3
4 1 3 3
1 2 4 10
3 2 2 7
9 3
4 3 4 3
4 2 8 2
3 4 5 1
1 5
1 1 1 10
2 1 1 10
3 1 1 3
4 1 1 1
1 1 1 4
2 10
3 1 1 10
2 1 2 9
1 1 1 8
2 2 2 1
2 1 1 4
3 2 2 3
3 1 1 8
3 2 2 5
4 1 2 3
1 1 1 4
1 7
4 1 1 1
1 1 1 4
4 1 1 1
1 1 1 2
1 1 1 9
3 1 1 6
1 1 1 2
1 8
1 1 1 5
3 1 1 5
3 1 1 6
1 1 1 2
2 1 1 5
3 1 1 9
2 1 1 3
4 1 1 2
2 1
3 1 1 5
6 8
3 1 2 10
4 1 1 3
2 5 5 5
1 1 3 9
2 1 3 7
4 2 2 1
3 1 1 5
4 5 5 3
10 2
2 2 6 2
4 1 1 2
7 8
4 3 3 1
4 3 5 2
4 1 2 2
4 1 1 3
1 3 5 3
2 1 6 5
2 3 3 4
2 2 2 6
7 6
3 1 2 7
3 1 5 10
2 6 6 1
4 5 5 2
2 1 2 2
4 4 4 2
7 2
3 4 4 7
2 2 5 7
2 2
4 1 2 2
1 1 1 8
2 7
3 1 2 1
2 1 1 10
1 2 2 3
4 1 1 1
2 2 2 3
1 1 2 3
3 1 1 8
8 10
3 5 5 9
3 2 4 1
1 1 6 9
3 2 2 1
3 3 5 4
3 1 4 10
4 2 2 2
4 6 7 2
3 2 2 7
3 1 1 2
1 2
1 1 1 9
3 1 1 9
10 3
4 5 10 3
3 1 2 4
4 4 5 2
9 5
1 5 6 5
4 1 1 1
4 9 9 1
1 7 9 3
3 1 1 8
3 8
3 1 3 3
2 2 2 4
3 2 2 7
3 1 3 7
4 1 3 1
3 2 2 7
4 1 1 2
2 2 2 10
7 3
3 1 1 2
2 3 6 2
4 1 1 1
1 1
4 1 1 1
5 1
2 1 3 4
1 5
2 1 1 2
1 1 1 8
3 1 1 1
2 1 1 10
2 1 1 8
9 8
1 5 5 3
1 4 4 6
4 2 8 1
2 6 7 9
3 1 7 8
2 7 9 7
4 2 7 3
4 5 9 2
5 10
4 2 2 2
2 1 1 10
2 1 1 5
2 1 3 2
4 2 3 2
4 2 4 2
4 1 2 3
1 1 1 4
1 1 5 10
3 1 1 1
6 1
4 2 5 2
6 6
3 3 6 9
4 1 4 2
3 1 2 4
1 1 1 8
4 4 4 3
3 3 5 3
2 10
2 1 1 9
4 2 2 2
4 1 1 3
2 1 2 7
2 1 2 5
2 1 2 4
4 1 2 2
1 1 2 6
2 2 2 7
3 1 1 10
5 5
3 1 5 9
4 4 5 3
2 1 3 10
3 4 4 9
3 3 3 6
5 9
1 5 5 7
1 5 5 7
3 3 3 7
3 2 4 2
1 1 1 8
4 1 1 3
1 1 5 10
2 4 4 6
2 2 4 4
6 7
2 1 1 7
1 2 2 8
4 1 2 3
2 1 1 10
2 2 2 1
2 3 3 8
3 1 1 10
2 2
3 2 2 9
3 1 1 2
2 7
2 1 1 4
2 1 1 2
2 2 2 3
4 2 2 3
2 1 2 5
3 1 2 4
4 2 2 2
3 6
1 1 2 5
2 2 2 9
3 2 2 3
2 2 2 3
2 2 3 9
4 1 3 2
5 2
3 2 3 7
2 1 2 7
1 1
4 1 1 2
3 6
3 1 1 9
4 2 3 3
2 2 3 3
3 1 2 8
1 1 1 2
4 1 2 3
4 1
1 1 4 3
10 9
1 3 5 10
2 5 5 6
1 1 6 5
2 1 2 1
4 1 1 2
4 2 2 1
3 5 5 6
3 7 10 9
4 5 5 2
7 2
3 1 7 10
2 2 7 10
7 5
2 3 5 7
4 5 6 2
4 2 3 2
3 1 2 2
1 2 2 6
1 1
3 1 1 1
1 9
3 1 1 2
1 1 1 9
2 1 1 6
1 1 1 7
3 1 1 4
4 1 1 1
2 1 1 10
2 1 1 3
4 1 1 2
5 1
4 1 1 2
9 7
1 1 1 8
4 5 7 3
1 1 2 8
3 3 8 1
4 1 8 2
3 1 6 5
4 1 1 1
1 4
4 1 1 2
2 1 1 6
3 1 1 4
2 1 1 10
7 9
1 3 6 1
2 1 2 8
4 1 1 1
2 3 5 2
2 1 2 5
1 1 1 10
4 1 6 1
3 2 6 8
2 1 2 8
6 8
1 1 6 1
3 4 4 6
1 4 5 8
1 4 4 4
4 1 1 1
3 1 4 4
3 3 4 1
4 1 2 3
2 1
3 1 1 2
10 1
1 1 3 7
3 3
4 1 3 2
2 2 2 3
2 1 2 7
1 6
3 1 1 9
3 1 1 2
3 1 1 10
2 1 1 9
2 1 1 3
4 1 1 2
9 2
1 4 9 5
4 2 3 3
1 6
3 1 1 1
1 1 1 7
1 1 1 7
2 1 1 6
2 1 1 4
3 1 1 9
9 10
4 1 2 2
3 2 2 6
2 1 7 6
2 2 4 6
4 1 5 2
2 2 5 3
1 1 4 4
1 3 6 7
4 3 4 2
3 2 9 9
1 8
3 1 1 2
3 1 1 5
4 1 1 2
1 1 1 7
3 1 1 3
4 1 1 2
3 1 1 2
2 1 1 9
4 10
4 2 2 3
2 2 3 10
2 1 1 9
1 1 1 1
4 1 3 1
4 2 4 3
2 3 3 3
1 1 4 4
1 2 2 8
4 3 4 1
7 10
1 1 1 5
4 5 7 1
2 2 2 2
3 3 3 4
4 3 5 3
1 1 2 3
4 1 1 3
3 4 7 10
4 1 2 2
3 4 6 7
8 3
3 7 8 5
4 6 6 2
1 4 7 7
8 1
3 5 8 6
4 4
4 1 1 1
3 2 4 3
1 2 4 4
2 3 3 10
6 2
3 3 5 3
2 2 2 8
7 10
3 2 2 1
4 4 5 3
3 2 2 6
3 5 7 9
1 4 7 9
1 1 2 5
3 5 6 4
2 1 3 6
1 2 2 5
4 3 3 3
6 2
2 3 5 8
3 4 4 1
3 10
3 1 2 6
3 1 1 3
2 1 2 10
3 1 2 6
2 3 3 9
1 2 2 9
4 2 3 2
3 1 2 1
1 2 2 4
1 1 2 3
2 6
3 1 1 5
1 1 1 8
1 1 1 2
3 1 1 10
1 1 1 5
2 1 1 5
6 7
1 3 4 2
1 4 4 1
2 1 1 10
2 2 2 6
3 4 4 7
4 1 1 2
3 1 2 9
3 4
4 1 1 2
1 1 3 3
3 1 1 4
2 1 1 2
7 10
4 1 4 1
4 2 2 1
1 3 3 3
2 3 3 5
1 2 6 4
3 3 4 8
4 4 4 2
3 3 5 2
3 1 2 2
3 1 5 5
3 2
1 2 3 4
1 1 1 2
8 8
4 2 2 2
1 4 4 4
4 1 1 3
4 1 1 1
1 1 2 3
1 4 7 10
3 2 4 4
1 1 1 10
4 2
3 3 3 2
2 1 1 7
9 2
3 7 8 6
1 3 5 7
4 1
3 1 3 8
9 4
2 3 6 2
3 3 8 10
2 3 3 6
1 8 9 4
6 7
1 2 2 7
3 4 4 10
4 4 5 2
3 5 6 1
4 1 4 2
4 4 5 3
2 3 5 6
2 6
2 1 1 4
3 1 1 2
1 1 1 6
4 1 1 1
1 2 2 4
2 1 1 4
10 10
3 5 8 1
2 2 2 5
3 5 5 2
2 6 10 4
1 2 10 3
1 7 8 10
1 5 8 2
3 6 10 9
2 1 2 1
3 4 4 1
8 7
4 2 3 2
3 4 5 5
1 5 5 9
3 4 7 5
4 1 3 2
1 1 1 8
1 2 5 4
8 8
2 6 8 10
2 1 6 9
3 4 4 7
1 5 5 6
2 3 3 3
2 1 8 3
1 8 8 3
4 2 6 1
4 7
4 4 4 1
3 3 3 9
1 2 2 7
4 3 4 1
4 2 2 2
4 1 1 1
4 1 2 3
1 7
3 1 1 5
4 1 1 1
2 1 1 5
2 1 1 4
1 1 1 10
3 1 1 2
4 1 1 3
4 9
3 1 2 7
3 1 3 8
4 3 3 1
4 1 2 2
1 2 3 2
1 2 2 6
2 3 4 8
2 4 4 9
2 1 1 4
7 9
3 1 2 6
2 1 2 2
4 6 6 1
1 1 2 10
1 2 5 9
1 4 4 8
1 4 5 7
2 2 7 2
2 3 6 6
10 1
3 2 7 9
7 3
3 1 1 9
2 1 1 3
4 1 2 2
6 5
1 1 3 4
1 3 4 9
3 2 2 6
3 3 6 6
2 1 1 10
8 1
1 2 4 1
1 4
3 1 1 9
2 1 1 1
4 1 1 1
2 1 1 4
2 7
4 2 2 2
1 1 1 10
4 1 1 1
3 1 1 7
1 2 2 9
3 1 1 4
4 1 2 3
8 8
2 1 1 1
4 1 4 2
2 5 8 7
2 2 4 1
1 1 1 9
1 2 3 8
1 1 1 3
4 1 2 3
1 3
3 1 1 2
4 1 1 3
4 1 1 2
3 3
4 1 1 2
3 1 3 2
3 1 3 1
6 7
3 1 1 10
1 1 1 1
4 1 1 1
3 3 6 6
2 2 3 7
3 4 6 7
4 3 3 1
4 6
1 2 4 7
2 1 1 8
4 3 3 2
2 2 2 10
3 2 3 5
3 1 2 9
4 1
3 1 3 2
7 1
3 2 2 2
9 9
4 1 7 2
1 1 6 5
3 5 5 2
4 3 8 2
3 6 9 5
3 1 1 9
1 1 8 9
4 6 7 2
1 1 1 7
8 9
2 2 6 3
1 2 5 3
1 2 4 10
1 1 2 8
3 2 5 8
3 2 2 10
4 1 3 3
4 7 8 2
3 1 1 5
8 7
3 3 6 9
1 6 7 5
4 2 3 1
4 1 3 1
3 6 6 8
4 1 4 3
1 5 5 6
9 3
2 3 6 3
3 1 6 2
1 7 7 5
5 3
2 1 1 3
2 5 5 7
2 2 5 6
7 10
4 1 1 2
3 5 6 10
3 1 1 5
3 2 5 7
2 1 4 9
4 2 2 1
2 6 6 9
4 1 1 2
1 1 7 9
3 4 5 6
5 1
4 1 1 1
7 1
3 2 2 4
3 4
3 3 3 7
1 3 3 2
4 1 2 3
4 1 1 2
2 3
1 2 2 2
2 1 2 9
3 1 1 9
10 8
1 5 9 4
1 2 3 8
3 2 3 7
3 7 8 3
4 2 5 1
3 1 5 10
3 1 1 1
3 1 1 8
6 9
3 2 5 1
1 4 6 2
4 1 3 2
3 2 3 2
3 1 4 7
4 1 5 1
4 1 2 2
4 2 2 2
4 4 4 2
3 7
1 1 1 2
2 1 1 8
3 1 1 10
3 2 3 10
3 2 2 7
1 2 3 8
1 1 3 8
4 2
2 1 1 7
3 1 3 4
6 9
3 1 1 4
4 1 2 2
2 1 1 3
4 2 3 1
4 3 6 2
4 2 6 3
1 1 4 5
2 5 5 2
4 3 6 2
8 6
1 1 3 10
2 2 2 6
4 2 4 1
3 1 1 5
3 1 4 9
2 1 1 1
2 2
4 1 1 1
4 2 2 2
9 6
2 1 3 8
4 1 1 1
2 4 5 3
2 2 2 9
1 5 5 4
3 2 6 1
9 9
2 1 1 1
1 3 3 2
1 2 2 2
4 1 3 2
1 2 5 7
3 5 7 10
4 3 7 2
2 1 7 5
1 3 3 9
5 1
1 1 5 1
9 10
1 1 1 6
3 2 6 5
4 1 1 2
2 2 7 4
1 6 7 5
2 4 8 2
2 1 3 5
3 1 2 7
3 1 6 1
2 2 2 10
2 1
4 1 2 2
4 2
2 1 3 2
3 1 3 7
7 10
2 7 7 7
2 5 5 9
2 1 1 9
1 2 2 3
3 3 3 9
4 1 3 3
1 3 7 9
3 1 1 3
1 3 3 10
1 2 7 1
4 9
4 3 3 1
2 1 1 5
3 2 4 7
3 1 1 3
3 1 2 9
1 3 3 10
3 2 2 6
2 1 2 7
4 3 3 2
1 2
4 1 1 1
3 1 1 2
2 9
1 1 2 6
3 2 2 6
2 2 2 8
2 1 2 2
3 2 2 6
4 1 2 3
3 1 2 3
1 1 2 3
3 2 2 6
9 5
3 2 4 6
4 2 6 3
3 1 1 8
4 1 1 1
1 1 6 9
8 5
1 4 7 6
1 2 4 10
3 2 2 10
4 5 6 2
1 4 6 2
4 4
3 3 4 6
2 2 2 8
3 4 4 9
2 1 4 5
5 10
2 1 2 1
3 2 3 10
4 3 5 1
2 1 1 9
2 4 5 4
4 4 4 3
1 3 3 5
1 2 2 10
1 2 5 6
3 1 1 7
5 6
3 2 4 9
4 2 4 3
4 1 3 2
1 3 3 6
1 1 4 8
1 2 5 5
3 4
4 2 3 1
1 1 3 6
2 2 2 6
3 1 1 10
3 6
1 1 1 5
2 3 3 8
2 1 1 6
3 1 1 7
2 2 3 4
3 2 3 2
3 3
4 1 1 2
2 1 1 5
3 2 2 8
7 7
1 3 3 1
3 5 6 2
3 1 1 8
3 4 4 3
4 3 3 2
3 1 1 5
2 1 6 10
7 7
3 1 1 2
4 2 2 1
4 1 1 2
2 3 3 10
2 1 1 4
2 1 2 1
2 2 6 4
10 9
3 2 3 9
3 3 6 8
4 1 2 1
1 7 7 1
4 1 2 2
2 4 8 4
1 1 1 6
2 5 5 10
3 3 8 1
9 4
1 5 8 10
3 1 1 9
2 5 8 5
4 2 2 1
6 4
1 6 6 3
1 2 2 5
4 2 3 3
1 1 3 9
9 3
4 2 4 2
3 3 9 2
4 1 2 2
10 4
3 1 2 5
1 2 5 2
2 1 6 5
4 3 3 2
7 5
3 4 5 2
3 5 6 5
3 1 1 4
3 2 3 8
3 1 1 4
4 1
1 3 4 6
8 9
2 4 4 8
3 2 8 2
1 1 3 1
1 1 3 6
2 1 2 4
1 1 7 5
4 4 4 2
4 1 1 2
4 2 2 2
4 9
2 1 1 10
4 1 2 2
1 1 4 3
1 1 1 2
2 1 3 3
1 1 1 1
2 2 2 3
3 2 4 7
2 2 2 8
8 1
4 1 3 1
1 10
3 1 1 2
4 1 1 1
2 1 1 10
1 1 1 5
1 1 1 2
2 1 1 4
1 1 1 10
1 1 1 5
3 1 1 2
3 1 1 6
4 5
3 1 1 4
4 1 3 1
3 2 3 6
1 2 2 2
4 2 3 2
3 5
2 1 1 7
1 2 2 6
3 1 1 2
4 1 1 2
1 1 1 3
2 9
2 1 1 6
3 1 1 3
1 1 2 2
4 1 1 3
4 1 1 3
3 2 2 3
3 1 1 2
2 1 2 1
2 1 2 9
6 8
2 1 3 10
4 1 5 2
1 3 5 7
3 4 4 5
3 3 3 5
4 5 5 2
2 4 5 9
3 3 4 4
10 6
3 1 1 1
1 3 5 5
3 2 2 2
4 4 5 2
3 2 7 1
1 5 8 5
9 10
2 3 3 5
4 1 1 1
1 6 7 5
4 2 5 3
2 1 5 6
4 4 4 2
2 1 2 2
3 4 6 8
1 2 3 1
4 3 4 1
10 9
2 2 6 9
3 2 3 5
3 4 10 3
1 7 7 4
2 3 9 4
2 10 10 7
4 4 7 2
1 5 7 4
1 1 6 8
2 1
1 1 2 2
1 3
2 1 1 4
4 1 1 1
1 1 1 2
1 6
1 1 1 2
4 1 1 2
4 1 1 3
1 1 1 1
4 1 1 2
2 1 1 6
9 6
3 5 7 3
1 1 3 1
2 2 4 3
2 8 9 2
4 4 9 2
4 1 4 1
10 9
4 1 1 2
3 5 5 7
3 1 1 6
4 1 4 1
2 1 1 10
1 8 10 8
1 4 8 1
4 4 6 2
1 7 8 7
8 3
2 3 4 1
4 1 2 1
4 1 2 2
5 1
2 3 3 3
8 3
4 3 5 3
2 2 2 10
3 6 7 10
3 6
3 2 2 8
4 1 1 2
3 2 2 3
2 1 1 1
3 1 1 3
3 1 2 6
6 8
3 2 3 3
2 1 5 5
3 4 4 1
4 5 6 3
4 2 2 2
3 5 5 9
4 1 1 1
4 1 1 1
8 1
4 3 8 2
7 8
2 3 7 1
4 5 6 3
4 2 2 1
3 3 6 2
2 1 1 10
4 1 1 3
1 1 1 9
3 3 6 8
6 10
2 1 4 9
1 1 1 8
1 1 2 8
4 3 4 3
1 3 5 8
2 1 5 1
1 5 5 7
1 4 6 9
4 2 3 2
2 4 4 9
5 1
1 1 2 5
1 6
3 1 1 5
3 1 1 3
1 1 1 2
1 1 1 1
3 1 1 2
2 1 1 4
6 1
3 2 6 4
6 6
2 2 2 2
3 4 5 9
2 2 3 9
3 1 2 7
1 3 3 10
1 2 5 3
3 6
4 1 1 2
1 2 2 7
1 1 2 4
4 2 2 2
1 1 2 8
2 2 2 8
4 7
2 1 1 5
2 3 4 1
4 1 1 1
3 2 2 6
4 1 3 2
1 2 2 5
3 1 4 4
1 2
4 1 1 3
3 1 1 2
3 9
3 1 1 2
4 1 2 1
1 2 2 1
1 2 2 8
3 1 2 1
4 1 1 3
2 2 2 7
3 1 3 7
2 1 2 4
5 8
4 1 2 3
3 1 1 8
2 2 3 7
4 1 3 3
1 3 5 5
3 2 3 1
3 2 4 7
1 3 4 7
10 7
3 1 1 10
4 5 5 2
1 2 5 2
3 3 5 7
4 9 9 2
4 2 3 3
2 3 7 10
9 10
1 1 5 10
4 5 7 3
1 3 8 1
4 3 3 1
4 8 8 1
3 2 2 7
2 4 4 7
3 2 8 10
3 3 9 2
1 2 8 4
2 5
2 1 1 6
1 1 1 9
2 2 2 3
4 1 1 1
2 1 1 1
6 3
2 3 4 10
3 2 2 2
1 4 6 6
8 4
1 2 2 7
3 1 1 7
1 6 6 8
1 2 6 8
9 10
1 1 2 10
2 1 5 5
4 1 7 2
4 3 4 3
4 7 8 1
2 3 4 3
4 2 3 3
2 1 4 2
1 2 7 3
3 1 2 9
4 7
4 1 4 3
2 1 3 7
2 2 2 8
4 3 3 3
2 1 1 6
4 2 2 2
4 4 4 3
7 3
2 3 3 2
2 4 5 6
1 1 1 8
6 6
1 2 3 6
4 1 6 1
2 2 3 2
2 2 3 9
1 1 6 9
1 1 1 9
7 5
3 4 6 5
1 2 4 9
3 1 1 2
4 6 7 1
1 4 7 5
8 2
3 1 7 5
4 5 6 3
6 1
4 2 3 2
9 4
2 2 6 4
1 3 3 8
2 7 9 3
3 6 7 3
5 3
1 1 1 1
3 1 2 9
2 2 2 8
8 10
3 3 4 7
1 1 1 1
4 7 8 2
1 5 7 4
2 7 7 5
2 1 1 4
3 4 4 8
2 3 4 2
3 2 4 3
2 1 7 6
1 3
4 1 1 3
2 1 1 6
2 1 1 7
6 6
2 2 3 7
2 3 3 2
3 4 4 6
4 1 5 1
3 2 5 1
2 1 6 2
6 8
4 2 2 1
2 3 3 9
2 1 3 4
1 1 6 9
4 2 6 2
2 1 5 3
4 5 5 2
3 3 3 4
4 6
4 2 4 2
4 1 3 2
2 1 3 4
3 1 2 7
1 3 3 3
1 2 4 1
9 9
3 6 8 2
3 4 4 10
1 4 7 8
4 4 7 2
4 3 3 3
4 1 2 2
2 3 3 1
1 2 3 4
1 2 3 6
8 6
2 1 6 4
1 4 4 1
1 1 3 9
2 2 7 7
2 5 5 2
2 5 5 7
7 1
4 2 4 2
5 7
4 1 4 1
1 1 5 2
3 2 2 8
1 1 1 1
4 3 4 1
2 1 1 6
1 1 1 9
10 8
4 2 3 1
2 5 9 9
1 3 5 5
2 4 4 9
4 6 8 1
2 1 1 7
2 6 6 5
2 8 10 2
6 2
3 2 4 1
1 1 4 9
9 3
1 1 3 6
2 5 9 6
1 2 2 8
6 9
2 1 4 8
2 6 6 6
4 1 6 1
2 6 6 9
1 2 5 3
1 2 2 4
2 3 6 9
3 3 6 7
4 1 6 2
5 8
3 2 5 2
4 5 5 1
4 2 2 3
4 2 5 3
1 1 2 9
1 1 2 9
3 2 2 5
2 1 4 8
6 3
4 1 1 1
1 5 5 9
2 3 4 3
8 9
2 1 2 7
2 4 7 2
4 2 2 2
1 6 7 8
3 1 2 2
4 6 7 1
3 2 2 4
3 4 8 4
1 2 5 1
6 3
4 1 4 2
1 2 2 9
3 2 3 2
3 9
1 2 2 9
2 2 2 7
1 1 1 3
3 1 2 4
1 2 3 4
2 1 2 1
3 3 3 4
4 1 3 3
1 1 3 7
6 2
2 4 4 5
3 1 2 7
1 2
4 1 1 1
4 1 1 2
8 1
4 8 8 2
1 5
4 1 1 3
3 1 1 8
1 1 1 4
1 1 1 7
2 1 1 1
10 7
3 6 10 7
3 3 6 9
4 3 4 1
3 6 8 7
3 5 5 7
2 2 7 8
2 4 8 2
7 7
4 1 2 2
4 3 5 3
3 1 6 9
1 1 1 7
2 1 3 9
2 3 5 2
4 2 7 1
6 4
2 2 3 5
2 1 1 7
3 2 4 1
3 3 3 6
10 2
2 3 6 7
2 2 2 8
6 9
4 4 5 2
3 2 6 10
2 4 5 7
1 1 5 7
4 1 1 2
3 2 3 6
1 1 1 3
1 1 2 9
4 1 1 2
8 4
1 1 1 2
4 6 8 2
3 1 1 9
3 1 2 7
6 7
2 1 2 6
1 2 3 6
1 2 2 4
3 3 6 1
2 1 2 2
4 5 5 2
4 2 6 2
10 2
3 1 3 5
3 2 6 1
3 6
3 2 2 9
2 1 2 9
3 1 2 1
1 1 2 5
3 3 3 9
3 2 3 2
1 3
1 1 1 9
1 1 1 3
1 1 1 5
7 3
2 2 5 3
2 2 7 6
3 1 7 10
9 10
1 7 8 5
4 3 3 1
2 2 5 1
2 4 9 1
2 2 2 3
3 7 9 9
1 4 6 4
4 5 8 3
3 3 6 8
4 2 2 1
9 9
1 3 3 7
4 1 3 3
1 4 7 10
3 2 5 3
2 1 1 9
3 6 7 4
2 2 2 8
1 2 8 4
3 8 9 10
10 6
4 1 9 1
4 1 1 3
1 1 1 5
4 2 4 2
4 2 2 1
1 1 4 3
8 9
4 1 1 3
2 1 2 3
3 2 4 2
4 5 6 3
4 6 7 1
4 3 3 3
1 1 6 9
4 1 7 2
3 1 1 6
7 2
3 2 2 5
2 2 5 4
7 4
4 2 2 1
3 1 2 6
1 5 5 1
3 2 3 4
9 7
3 1 1 7
1 3 3 1
4 1 1 2
4 3 6 2
4 2 5 2
4 3 8 2
2 6 9 9
1 8
3 1 1 4
3 1 1 9
3 1 1 10
4 1 1 2
3 1 1 1
3 1 1 7
4 1 1 2
4 1 1 3
2 9
3 1 1 4
2 2 2 5
2 1 1 2
4 1 1 3
1 2 2 4
4 1 1 3
3 1 1 2
3 1 1 7
2 1 1 7
3 5
1 1 1 10
3 1 2 5
1 1 2 5
3 2 2 3
3 3 3 3
7 2
1 2 3 5
4 4 5 2
9 5
4 1 1 2
2 1 3 3
1 3 7 10
3 2 7 6
1 4 6 7
7 8
4 5 5 1
2 4 5 4
4 7 7 1
1 5 7 9
1 1 1 10
3 5 6 10
1 6 7 8
4 1 4 1
3 10
1 1 1 3
4 1 1 1
3 2 3 2
4 1 1 2
4 1 1 1
1 3 3 9
1 2 3 10
3 1 2 9
3 1 2 2
4 1 1 2
7 8
1 4 5 7
4 1 2 2
1 7 7 8
4 5 6 1
2 6 6 2
2 3 6 1
3 4 5 2
1 1 6 3
1 4
1 1 1 3
2 1 1 1
3 1 1 1
4 1 1 3
8 7
3 8 8 1
2 1 4 8
2 3 3 4
2 3 8 10
4 6 8 3
1 4 4 9
4 5 5 2
7 3
3 1 1 10
3 4 4 7
2 2 3 8
9 4
4 6 7 1
3 5 7 8
4 4 6 3
2 2 2 7
7 3
4 4 4 1
4 2 2 1
1 1 2 4
8 7
4 2 3 3
1 1 8 5
2 1 6 7
1 3 6 3
4 1 8 2
4 3 6 3
3 5 7 3
3 3
4 1 3 2
1 2 3 2
4 2 2 2
6 3
4 4 4 2
2 3 3 8
3 3 4 10
5 5
1 1 2 7
4 1 3 2
2 2 2 7
4 1 4 1
4 3 4 2
1 8
2 1 1 2
3 1 1 4
2 1 1 9
4 1 1 3
2 1 1 5
1 1 1 9
1 1 1 9
3 1 1 7
6 6
2 1 3 6
2 1 5 1
4 2 5 2
2 2 3 1
1 2 3 10
1 4 6 10
9 6
3 1 3 6
2 2 2 8
3 3 9 8
3 8 9 6
2 1 2 9
1 2 8 2
9 1
3 4 7 6
3 8
3 2 3 4
2 3 3 9
3 1 1 10
1 2 2 1
1 1 3 10
1 1 2 4
1 2 2 10
1 1 2 5
10 1
3 3 10 7
5 10
1 2 4 6
1 1 1 10
1 1 1 4
2 1 2 1
3 1 2 4
3 1 5 6
1 2 2 1
2 1 4 6
1 1 1 9
2 1 1 5
5 9
3 1 3 7
4 3 3 1
2 3 4 2
3 1 1 2
4 3 3 1
4 2 3 3
1 1 2 2
3 1 1 8
3 1 2 1
4 5
2 1 2 8
3 1 3 6
3 2 4 3
3 3 4 10
1 1 1 1
4 8
1 2 4 3
2 1 1 6
4 1 3 3
1 1 2 3
3 1 1 3
4 1 1 2
2 4 4 6
3 1 1 9
4 1
3 4 4 4
2 2
4 1 2 1
4 1 2 2
10 6
3 6 9 10
1 9 10 4
1 1 3 7
3 1 1 5
4 1 1 1
2 7 8 10
4 4
4 3 4 3
3 2 2 6
3 2 4 4
3 1 1 4
6 6
4 4 6 1
2 3 3 10
2 3 4 10
4 4 6 1
1 4 5 5
1 3 6 8
4 5
2 1 3 6
4 2 3 1
4 4 4 2
3 2 2 1
2 2 3 4
1 10
1 1 1 2
4 1 1 3
4 1 1 2
3 1 1 7
3 1 1 5
2 1 1 9
4 1 1 3
3 1 1 6
1 1 1 4
3 1 1 6
7 10
2 2 4 10
2 3 7 2
3 4 4 2
4 2 2 2
4 2 2 3
2 2 2 7
4 3 6 2
4 3 4 3
4 2 3 2
1 3 4 5
5 10
3 2 2 10
2 1 5 4
3 1 1 7
3 3 3 5
3 2 5 3
3 1 1 6
3 4 4 10
4 1 1 3
2 4 4 2
2 3 5 3
1 1
3 1 1 3
4 10
3 1 1 1
4 1 1 1
4 2 3 3
1 1 1 3
2 2 3 7
2 3 4 9
4 1 1 1
2 2 4 8
4 4 4 1
2 1 3 3
4 9
1 1 1 6
1 2 3 2
4 2 2 1
1 3 3 7
2 2 4 7
3 3 3 9
1 1 1 3
1 1 1 1
2 1 1 5
3 6
2 2 2 2
3 1 3 10
3 2 3 10
2 2 2 4
2 1 1 10
3 1 1 1
5 2
4 1 1 1
2 1 1 1
7 4
4 3 5 3
4 3 7 2
1 1 6 4
4 1 2 1
5 4
2 2 4 10
4 1 1 3
3 2 3 4
2 1 1 3
7 7
3 1 3 2
4 3 7 3
2 3 4 5
4 1 1 2
3 6 6 9
1 5 6 7
4 1 2 1
1 4
4 1 1 2
3 1 1 8
2 1 1 2
4 1 1 2
1 10
3 1 1 2
2 1 1 2
1 1 1 9
1 1 1 2
4 1 1 1
3 1 1 6
2 1 1 1
3 1 1 8
1 1 1 3
1 1 1 2
5 7
2 1 1 1
2 2 4 6
4 1 5 2
1 1 1 7
2 5 5 7
3 3 3 1
1 5 5 1
4 8
1 1 1 4
2 3 4 2
2 2 3 8
3 1 2 4
4 1 2 3
3 1 3 6
3 2 2 9
3 2 4 9
5 5
3 3 4 3
4 2 5 3
1 1 1 2
3 2 2 8
4 1 2 3
8 6
4 1 1 1
4 6 8 3
2 3 4 4
4 2 3 2
2 1 1 3
4 2 7 1
1 6
2 1 1 6
2 1 1 4
1 1 1 1
3 1 1 3
2 1 1 10
4 1 1 3
9 4
1 2 3 1
4 2 9 3
1 1 7 8
1 4 7 3
2 9
3 2 2 6
1 2 2 5
4 1 2 3
4 1 1 2
1 2 2 1
1 1 2 7
4 1 1 1
1 1 2 7
4 1 1 3
2 10
1 1 1 8
2 1 1 8
3 1 1 5
1 2 2 7
3 1 1 4
2 2 2 2
4 1 1 2
4 1 1 2
4 1 1 3
1 1 1 6
4 10
1 2 3 5
2 1 1 8
1 1 2 5
4 2 4 3
4 2 3 3
4 1 4 2
3 1 4 2
2 1 4 4
4 3 3 3
3 1 2 7
4 10
1 1 4 4
4 1 1 1
4 1 4 1
2 3 4 6
4 2 2 1
3 4 4 6
1 1 1 3
1 3 3 7
2 1 1 3
1 1 3 9
7 4
2 1 4 4
2 1 4 1
3 1 6 10
3 3 6 8
8 10
1 2 6 2
2 2 8 6
1 4 7 5
2 5 7 5
1 5 8 9
1 1 5 7
1 2 7 10
1 1 1 8
3 3 5 7
3 5 8 2
10 1
1 1 1 3
4 4
3 4 4 7
2 4 4 9
2 1 3 6
3 1 2 2
10 10
3 5 10 4
1 5 6 3
3 9 10 9
3 1 5 8
2 2 4 5
2 2 3 1
4 1 1 2
2 3 3 9
1 3 6 10
2 1 2 5
3 10
3 1 3 9
2 1 2 8
1 2 2 6
4 1 1 2
2 1 3 4
4 3 3 1
2 1 3 1
2 3 3 6
2 3 3 9
3 1 1 4
3 4
3 1 1 6
1 1 1 1
1 3 3 7
3 1 1 9
1 7
3 1 1 6
4 1 1 3
2 1 1 4
4 1 1 3
3 1 1 2
1 1 1 1
4 1 1 3
6 10
2 1 1 9
4 1 3 3
2 3 3 10
3 3 3 8
4 2 6 2
2 3 6 4
3 2 2 4
1 3 6 2
2 3 3 9
3 4 5 9
4 3
4 4 4 1
1 2 2 7
4 1 3 2
10 5
4 2 5 2
1 1 1 9
4 1 4 3
4 1 1 1
2 3 9 3
6 3
3 3 3 4
3 1 6 8
2 1 3 6
5 2
2 1 2 3
1 1 1 4
3 8
2 2 3 3
2 1 2 2
4 2 2 2
2 1 1 8
3 1 1 4
3 1 1 7
2 1 3 10
4 1 2 2
5 3
1 3 5 6
4 2 4 3
4 1 1 2
8 5
1 2 7 6
2 1 1 3
2 6 7 2
1 1 4 8
3 1 2 8
2 2
1 1 1 9
1 1 1 8
2 8
2 2 2 3
2 1 1 1
1 2 2 5
1 1 1 10
4 2 2 2
2 1 1 9
2 2 2 8
1 1 1 2
2 3
4 2 2 3
1 1 2 5
1 2 2 10
9 7
1 5 7 4
4 2 4 1
4 1 1 1
1 5 5 8
3 3 7 5
3 1 2 1
2 3 4 1
2 7
3 1 1 1
2 2 2 6
2 2 2 5
4 1 1 1
3 1 2 1
2 1 1 6
4 1 1 1
8 7
4 4 4 2
4 3 4 1
2 1 1 10
2 5 5 3
3 2 6 4
4 2 6 2
1 3 4 3
5 7
1 1 1 1
3 3 4 4
3 1 2 2
2 1 1 6
1 1 2 5
3 2 2 7
1 3 3 4
6 5
3 2 3 6
2 4 4 3
1 3 5 7
2 1 3 6
1 1 1 6
8 4
2 1 1 3
2 3 5 4
4 1 7 2
3 5 7 7
1 7
4 1 1 2
2 1 1 8
2 1 1 1
2 1 1 7
3 1 1 7
1 1 1 2
3 1 1 2
7 10
4 5 5 2
4 6 7 1
1 1 1 6
1 2 5 3
2 1 2 3
1 1 3 2
1 3 3 4
4 1 2 2
2 1 1 1
4 1 3 3
6 1
3 1 2 1
9 6
2 4 8 4
2 2 5 8
3 3 3 5
3 1 3 5
3 2 4 9
2 1 6 7
9 1
3 7 8 6
9 10
4 4 9 2
3 2 9 2
1 1 2 5
4 3 7 3
1 1 3 5
3 9 9 8
2 1 2 2
4 9 9 3
4 5 7 2
2 2 5 4
1 2
3 1 1 3
2 1 1 7
2 5
2 1 2 4
1 1 1 2
3 2 2 1
2 1 1 6
4 2 2 1
2 10
2 1 2 8
2 2 2 5
3 1 2 9
4 1 1 1
1 1 2 6
2 2 2 4
1 1 1 4
2 1 1 5
3 1 1 9
1 1 1 4
8 1
2 2 3 4
5 10
2 1 1 9
2 4 5 8
3 1 2 1
4 1 2 3
3 2 4 3
3 1 2 3
1 1 1 7
4 1 1 2
2 1 3 9
1 4 5 1
6 6
3 4 6 6
4 1 5 2
2 2 6 1
2 2 4 2
1 1 5 1
1 1 1 7
6 3
3 1 5 10
4 1 1 2
2 3 3 5
2 5
4 1 2 2
3 1 1 3
3 2 2 3
3 1 1 5
1 1 2 1
7 8
3 1 3 6
4 3 3 1
3 2 2 2
2 2 2 10
2 4 5 3
3 2 7 5
2 1 1 4
1 3 6 1
7 9
4 6 7 2
2 6 7 3
1 1 2 4
3 3 3 10
3 2 4 6
2 3 4 10
4 3 3 1
2 4 6 6
2 1 7 1
2 1
2 1 1 9
4 5
1 2 3 6
1 1 1 10
3 2 2 8
2 1 2 3
2 1 1 9
8 6
4 2 2 1
4 1 5 1
2 3 3 3
3 4 5 6
1 4 4 6
4 4 4 2
10 3
4 2 3 3
2 4 4 6
2 7 7 9
4 10
3 1 3 4
2 2 3 5
1 1 2 6
3 1 1 7
2 2 2 2
3 3 3 2
1 1 3 6
1 1 2 2
4 1 1 2
2 1 1 2
4 10
1 1 1 3
2 1 2 10
2 1 3 9
1 3 3 10
1 1 2 6
4 2 2 2
1 2 2 7
2 4 4 6
2 1 1 3
2 2 2 2
6 9
1 1 4 2
3 3 3 5
4 3 5 2
4 5 6 2
2 1 2 8
3 2 2 5
1 1 5 6
4 1 1 1
3 2 2 6
10 3
3 1 4 3
4 3 9 3
2 1 5 9
8 3
4 2 2 1
2 3 5 7
3 6 7 10
9 7
1 3 8 10
2 1 3 6
1 1 1 8
1 6 7 3
4 3 7 3
2 1 2 3
1 1 9 3
3 9
3 2 2 2
3 1 1 4
1 3 3 3
2 1 1 2
1 1 3 10
2 1 1 4
3 2 3 2
4 3 3 2
1 3 3 7
6 10
3 2 5 3
3 1 3 2
1 3 6 9
4 4 6 3
1 3 4 5
1 3 5 5
3 4 4 8
3 2 2 2
2 3 5 3
3 1 1 10
7 5
1 7 7 5
4 2 6 3
1 2 6 10
2 1 2 7
3 1 1 10
4 1
4 1 1 2
7 10
2 5 7 2
3 1 2 8
4 1 1 2
1 3 3 6
2 1 4 3
2 3 3 8
3 1 5 7
2 1 7 6
4 1 1 3
2 2 5 1
10 9
2 4 4 2
3 3 6 9
3 2 9 3
1 3 9 2
4 2 2 3
3 6 9 9
2 1 1 6
2 1 3 9
4 5 8 2
5 3
4 3 5 2
2 1 1 4
1 1 1 6
3 1
2 1 1 9
5 2
4 4 4 3
2 2 3 5
1 3
3 1 1 5
1 1 1 5
2 1 1 2
7 6
1 4 7 3
4 1 7 3
3 2 3 4
2 3 5 5
3 3 7 9
3 1 1 3
5 4
1 3 5 3
4 1 1 1
3 4 4 9
2 1 2 4
9 7
4 1 2 3
3 4 5 9
3 7 9 10
4 5 6 3
3 3 7 1
3 1 6 9
3 5 5 2
1 2
1 1 1 6
1 1 1 3
6 8
3 5 6 1
1 3 6 2
4 2 3 2
3 3 5 1
1 1 2 6
4 2 4 1
4 5 5 1
2 5 5 1
2 5
2 1 2 8
3 2 2 7
2 1 1 7
2 1 1 7
4 2 2 2
2 9
2 1 2 5
1 1 1 8
1 1 2 5
1 1 1 1
2 1 1 6
4 2 2 2
4 2 2 3
1 1 1 10
1 1 1 3
4 9
4 2 2 3
1 1 1 6
1 1 3 9
3 3 4 3
3 4 4 7
3 1 1 2
1 2 3 10
3 2 4 10
2 3 4 5
10 3
2 4 9 8
1 3 3 4
1 7 10 8
8 3
1 3 7 9
2 2 7 5
4 2 5 2
9 3
4 2 2 1
4 4 4 1
4 3 5 2
7 2
3 1 2 8
1 2 4 6
8 9
2 5 5 6
1 5 8 10
3 2 8 3
4 1 4 2
1 1 2 4
4 2 2 3
1 3 8 2
1 6 7 2
2 2 4 2
9 9
1 6 8 3
2 3 6 5
1 6 7 10
2 1 3 4
2 8 9 3
3 5 6 2
3 4 8 7
2 5 7 9
3 1 4 3
1 2
3 1 1 4
3 1 1 7
7 3
3 2 7 5
4 2 2 1
2 3 7 9
4 9
3 1 1 1
2 1 1 10
3 2 4 7
3 1 1 10
1 2 3 1
4 1 1 3
1 2 2 6
4 2 2 3
1 1 1 4
1 10
4 1 1 1
2 1 1 1
4 1 1 3
4 1 1 3
1 1 1 2
1 1 1 2
2 1 1 2
4 1 1 2
3 1 1 10
2 1 1 4
9 9
3 3 8 8
3 8 8 6
1 5 6 5
4 6 9 3
3 5 8 7
3 1 1 2
1 2 2 2
1 3 6 8
3 1 1 1
9 4
1 1 3 1
3 7 7 9
1 3 4 7
2 2 2 2
1 10
2 1 1 9
3 1 1 1
2 1 1 10
2 1 1 5
2 1 1 2
2 1 1 8
2 1 1 6
4 1 1 1
4 1 1 3
2 1 1 3
7 6
2 5 7 2
4 2 4 3
1 5 5 4
4 1 2 3
4 1 2 3
2 5 7 4
1 3
3 1 1 10
2 1 1 8
3 1 1 4
3 9
4 3 3 1
3 1 2 4
4 1 3 2
2 1 1 6
1 2 3 2
2 1 3 1
4 2 3 2
2 1 1 4
2 1 1 8
8 5
1 5 6 10
2 4 8 1
3 1 8 7
4 6 7 2
3 4 4 9
6 5
4 1 1 3
3 2 2 8
4 1 4 2
2 2 2 1
3 2 2 4
6 9
4 1 2 1
2 1 3 6
4 3 3 3
1 1 1 1
2 1 2 2
3 1 1 3
4 2 5 3
1 1 1 1
2 1 1 1
6 4
3 1 1 9
1 3 4 7
4 3 4 3
1 3 3 6
2 6
3 1 1 8
4 1 1 1
1 1 2 8
1 1 2 8
2 2 2 7
2 1 1 5
4 3
3 1 2 5
4 2 2 2
2 1 1 4
6 10
2 1 3 6
2 3 3 6
2 1 2 10
1 1 3 8
2 1 3 3
4 1 2 3
1 5 6 1
4 6 6 3
4 1 2 3
2 1 1 10
9 3
4 6 6 1
4 3 4 2
2 4 6 9
8 9
1 5 5 9
1 1 1 9
3 1 6 7
3 2 6 9
4 1 1 2
4 3 3 3
2 1 1 1
2 1 2 9
4 3 3 2
2 1
1 1 1 1
6 1
3 1 1 4
6 4
4 1 1 2
2 2 6 4
1 2 2 8
4 3 3 2
3 9
3 2 2 2
1 2 2 3
2 1 2 8
3 3 3 7
4 2 3 2
4 2 3 3
4 2 2 1
4 1 1 1
4 1 1 3
2 10
2 1 1 10
2 2 2 6
2 1 1 8
3 2 2 3
3 1 1 10
1 1 1 4
3 1 1 2
2 1 1 10
2 2 2 4
2 1 2 6
6 1
1 4 4 10
8 7
4 1 3 2
3 2 4 3
1 3 3 3
1 2 8 9
1 3 6 8
4 1 3 3
4 2 6 2
1 10
3 1 1 6
2 1 1 5
2 1 1 9
2 1 1 4
1 1 1 6
3 1 1 3
1 1 1 2
4 1 1 3
2 1 1 2
2 1 1 8
7 6
2 1 4 7
4 1 4 2
4 2 3 1
4 4 5 1
1 1 3 8
3 2 5 6
4 10
4 1 2 1
4 1 4 1
4 4 4 1
2 3 3 1
1 2 2 7
4 4 4 1
4 1 2 3
3 2 2 9
4 2 2 1
1 1 3 6
9 9
2 4 5 2
2 9 9 7
4 2 3 3
1 2 4 8
2 1 3 5
4 2 7 1
4 3 6 2
1 3 8 9
3 1 6 2
4 5
4 1 4 2
4 1 1 3
1 3 4 6
1 4 4 8
4 3 3 1
1 3
2 1 1 10
3 1 1 4
3 1 1 5
9 6
3 1 5 1
4 4 5 2
3 1 1 4
4 2 2 1
3 3 6 3
3 4 6 10
10 2
1 5 6 1
2 2 6 7
7 2
3 2 3 4
1 5 7 3
3 5
2 1 1 10
1 3 3 10
4 1 1 1
3 2 3 4
2 1 2 7
2 7
3 1 1 2
1 1 2 6
1 1 1 7
4 1 1 1
4 2 2 3
3 1 1 3
3 2 2 5
3 10
2 1 2 2
2 1 1 1
4 3 3 1
1 2 2 7
3 1 2 4
4 2 2 2
3 1 3 1
4 2 3 3
2 2 3 5
2 2 2 6
1 1
4 1 1 2
1 8
1 1 1 6
2 1 1 3
4 1 1 1
2 1 1 3
3 1 1 8
4 1 1 3
1 1 1 1
3 1 1 10
7 9
4 3 4 1
3 2 2 1
4 1 2 1
3 6 7 1
1 6 6 2
1 2 3 2
4 2 5 3
3 3 3 5
2 2 3 6
10 10
3 3 4 9
4 6 7 2
4 2 4 3
2 1 2 8
1 4 4 4
4 4 7 1
2 1 8 2
1 2 5 1
4 1 1 3
1 5 6 10
5 3
4 1 4 2
3 1 3 7
2 2 5 6
8 9
3 2 5 9
2 3 8 9
1 2 3 6
2 1 3 2
4 2 4 2
3 3 7 10
1 4 7 5
1 3 6 7
2 2 5 8
5 2
2 1 1 2
3 1 1 5
6 2
3 4 4 7
3 2 2 3
5 9
1 2 3 2
2 2 3 3
2 5 5 1
2 2 4 3
4 2 3 2
4 3 3 2
2 4 5 6
2 1 1 7
1 1 1 1
4 7
1 2 4 2
3 1 2 3
2 1 1 4
3 1 2 10
2 1 4 2
1 1 2 7
1 1 4 3
10 4
2 5 5 6
2 1 1 1
2 2 4 4
4 1 5 2
5 2
2 2 2 1
2 1 1 1
8 6
2 1 1 1
1 1 5 4
2 1 7 1
2 3 5 5
4 5 6 1
2 1 2 8
10 8
2 3 5 5
3 6 10 2
3 1 9 9
3 3 5 9
2 1 1 6
1 6 8 9
3 1 1 3
4 7 7 1
4 1
1 1 1 9
8 10
3 2 5 9
1 1 2 1
3 1 2 7
1 2 6 3
2 5 6 1
2 7 7 1
2 2 5 1
4 2 2 3
3 1 8 2
1 4 4 4
1 3
1 1 1 7
4 1 1 1
2 1 1 1
4 7
2 1 1 7
4 1 2 2
4 1 1 1
2 2 4 6
1 2 4 5
3 1 4 2
3 1 2 2
3 2
4 1 1 3
4 2 2 1
8 6
2 4 7 7
1 4 7 9
3 1 4 10
2 4 4 7
4 5 6 2
2 2 5 9
9 3
2 2 2 6
3 1 8 1
3 2 2 8
10 5
3 1 1 4
1 2 4 5
2 1 8 3
3 7 10 1
4 3 3 1
7 2
1 1 1 9
1 1 4 4
10 10
2 2 4 9
3 5 5 4
1 3 5 1
2 5 7 9
3 1 1 10
3 1 6 4
1 6 6 6
2 1 1 8
4 2 9 2
2 1 1 4
5 2
1 2 2 6
2 2 4 7
2 2
2 1 1 4
2 1 2 5
8 6
2 5 6 1
4 4 8 1
4 2 2 3
4 5 5 1
4 1 1 2
3 2 3 2
2 7
1 1 1 6
4 2 2 3
4 1 1 2
2 1 1 8
3 1 2 1
1 1 1 4
3 2 2 1
10 10
2 4 5 10
2 5 9 8
1 1 1 7
3 2 5 8
4 5 7 2
1 3 8 2
2 2 4 1
2 3 4 6
4 1 6 2
1 1 9 5
3 4
4 2 3 3
1 3 3 6
1 2 2 5
2 2 3 1
3 2
1 3 3 1
3 2 2 1
6 4
4 2 2 2
4 3 4 3
3 1 2 9
1 3 4 8
2 2
1 1 1 4
2 1 1 5
1 9
1 1 1 5
4 1 1 3
3 1 1 4
4 1 1 3
2 1 1 7
4 1 1 3
3 1 1 6
1 1 1 3
3 1 1 6
9 7
3 1 1 2
1 8 9 9
3 1 1 10
2 2 3 3
4 2 9 2
3 3 6 6
4 8 9 2
2 3
4 1 2 1
1 1 1 2
2 1 1 2
8 7
4 2 5 3
1 2 4 9
4 1 6 2
4 2 2 2
3 2 3 3
2 2 6 4
4 4 6 2
7 6
1 3 3 3
1 2 4 10
1 1 7 5
3 1 1 4
3 3 6 8
4 4 5 2
2 4
4 1 2 3
4 1 1 3
3 1 2 1
3 1 1 4
7 2
4 1 6 2
4 1 2 2
10 2
2 8 9 2
1 3 4 2
5 7
2 1 2 3
4 2 2 3
1 1 2 5
1 1 1 9
2 1 1 7
3 1 3 8
3 2 3 6
1 8
1 1 1 2
3 1 1 10
2 1 1 3
3 1 1 5
2 1 1 6
4 1 1 3
4 1 1 2
2 1 1 1
9 6
2 2 4 10
2 1 1 10
4 1 1 2
3 3 4 5
1 5 5 8
1 4 5 3
10 3
3 1 2 2
4 1 1 3
4 2 6 1
10 7
2 6 8 7
4 1 10 1
2 3 5 3
1 3 5 9
3 1 3 5
2 1 2 3
1 6 8 7
10 10
1 6 6 1
4 4 10 3
2 1 6 7
1 1 1 9
2 1 4 7
4 1 1 1
4 2 4 3
3 3 3 6
4 2 2 3
3 3 3 9
8 3
2 6 7 4
2 3 3 6
3 5 8 10
1 2
1 1 1 1
3 1 1 8
7 2
4 1 2 2
4 3 4 2
3 8
4 1 1 2
2 1 1 5
3 2 2 7
1 2 3 10
3 3 3 7
2 1 1 5
1 1 1 4
3 2 3 5
10 2
2 2 3 10
3 2 5 3
3 5
3 1 3 7
2 3 3 7
2 1 1 4
4 1 1 3
1 1 2 1
6 2
3 5 5 3
1 3 3 1
7 8
3 4 6 3
4 5 7 1
2 1 2 7
4 3 7 1
2 2 3 1
3 2 2 3
2 3 5 9
1 4 4 1
4 10
2 3 3 8
4 1 2 2
4 1 3 1
3 1 2 8
1 2 3 6
2 3 4 1
2 2 2 5
2 1 1 8
4 2 2 2
1 1 1 8
9 1
1 2 4 3
2 1
4 2 2 2
9 7
1 1 4 3
1 8 8 6
2 1 7 3
2 2 9 3
1 4 4 6
1 7 9 7
1 1 3 6
7 8
1 3 4 2
2 3 4 8
2 4 4 2
2 2 3 6
3 2 4 8
1 2 4 9
4 2 3 1
1 2 3 8
9 2
2 5 5 1
2 5 6 8
6 7
2 2 5 8
1 4 4 3
2 3 6 5
2 5 6 1
3 1 2 8
3 4 5 6
1 6 6 4
3 4
2 1 2 10
2 1 1 9
2 1 1 6
1 1 3 1
9 6
1 3 3 1
4 2 2 1
3 1 5 3
2 2 5 5
1 2 5 9
2 8 8 9
10 8
3 1 1 1
2 3 3 8
3 2 3 3
4 2 3 3
3 1 1 6
1 7 7 8
1 1 3 10
3 1 9 5
10 5
1 1 4 8
4 5 6 1
1 3 4 2
4 7 9 2
4 4 6 2
7 10
1 1 1 3
2 1 1 6
2 1 1 5
2 1 1 8
1 3 7 4
4 1 3 2
1 3 3 6
2 5 7 6
4 1 4 2
1 1 3 2
3 8
4 1 1 3
3 1 1 8
1 2 2 1
3 1 1 4
1 2 3 2
1 1 1 1
2 1 1 1
1 1 3 10
10 3
4 2 7 2
1 6 9 2
1 8 9 5
3 10
2 2 3 6
2 2 3 6
1 1 2 4
1 1 1 10
3 1 1 5
1 1 2 4
4 1 1 1
2 2 2 7
2 1 1 1
1 2 2 6
7 5
1 1 5 7
3 2 3 7
3 1 1 4
1 2 4 3
3 3 7 3
3 1
2 1 2 1
7 10
2 4 7 5
2 3 3 5
2 2 3 7
4 2 2 2
2 1 5 5
1 4 7 8
2 1 1 10
2 1 2 6
2 1 2 2
2 1 5 3
10 10
2 2 7 4
3 1 1 2
4 7 8 2
3 3 9 8
1 1 2 5
2 2 7 3
1 1 3 3
3 1 9 1
2 2 10 2
2 3 4 9
2 4
1 1 2 2
2 1 2 2
3 1 1 6
4 1 2 2
7 1
1 1 1 4
8 4
4 1 1 3
2 5 8 8
4 1 3 2
3 1 5 1
7 3
3 1 1 1
2 5 7 8
2 4 5 10
8 4
2 6 8 6
4 1 1 2
3 1 3 9
4 1 1 2
1 7
2 1 1 4
1 1 1 1
3 1 1 7
2 1 1 1
3 1 1 6
2 1 1 1
4 1 1 2
10 5
4 7 10 2
3 1 1 7
4 1 8 1
1 2 8 2
1 4 9 3
9 3
1 2 4 5
1 1 1 1
4 2 3 1
10 2
3 1 8 7
2 5 10 9
3 3
2 1 3 6
3 1 3 1
1 2 2 2
7 4
1 3 4 4
4 3 3 2
2 2 4 10
1 4 7 6
10 8
1 2 2 3
2 3 4 6
4 10 10 2
4 3 8 1
1 3 6 10
1 2 3 1
4 1 5 3
3 1 3 5
8 1
4 1 2 3
7 1
4 3 5 2
9 3
4 1 1 3
1 1 1 2
2 1 2 4
10 1
1 5 9 8
7 6
4 6 6 1
1 2 2 3
3 2 2 10
1 1 4 5
3 1 1 7
3 1 2 8
8 4
2 3 7 10
2 2 8 2
1 1 6 8
2 1 3 2
7 7
4 1 1 1
4 6 7 2
4 5 6 1
1 1 2 10
4 5 5 3
3 2 7 10
4 1 1 3
8 6
3 1 7 4
4 1 2 1
4 5 6 1
4 1 2 2
4 4 5 2
3 2 2 8
10 7
4 4 6 2
4 2 5 2
1 2 4 7
4 1 2 2
2 5 5 2
2 5 6 2
1 1 4 10
3 1
4 3 3 2
7 8
2 2 2 10
4 3 4 2
3 2 5 4
4 2 5 1
3 1 4 2
3 3 4 2
2 5 6 9
2 1 2 3
10 9
3 1 3 5
4 1 1 1
3 4 5 4
4 1 2 3
4 1 1 1
1 1 9 10
3 3 6 7
2 1 6 3
4 7 9 2
1 7
1 1 1 9
3 1 1 3
3 1 1 9
4 1 1 1
4 1 1 2
2 1 1 6
2 1 1 3
2 5
1 1 2 1
3 1 1 6
4 1 1 1
3 1 1 8
1 1 1 3
7 6
3 1 2 4
1 1 7 5
4 5 5 1
4 1 1 3
3 1 4 8
3 3 3 10
2 2
2 1 1 5
2 1 2 3
4 7
1 1 4 8
1 2 2 3
3 2 3 2
1 3 4 5
2 2 2 10
3 2 3 8
3 1 2 5
5 5
4 1 1 1
2 1 1 5
2 4 5 8
2 2 5 4
4 1 3 3
7 9
1 1 5 10
4 1 6 3
1 2 4 1
1 6 7 5
3 4 5 1
4 4 5 1
1 4 6 5
1 1 2 6
4 7 7 2
10 7
3 1 5 5
2 2 4 2
3 1 6 9
1 2 2 6
2 1 1 2
1 5 8 7
4 5 5 3
5 9
2 3 3 9
1 2 2 5
3 1 1 2
3 1 1 10
2 1 2 3
2 1 1 2
1 1 4 9
3 3 3 8
2 1 1 8
10 9
4 1 3 2
4 1 3 2
4 7 7 1
4 5 8 1
3 1 4 7
2 1 10 7
2 1 4 1
1 1 1 2
1 3 3 6
1 7
4 1 1 3
1 1 1 10
4 1 1 2
2 1 1 4
4 1 1 2
2 1 1 6
1 1 1 8
3 3
4 1 1 2
2 1 1 8
3 2 3 8
9 8
3 1 6 6
2 1 7 2
2 1 7 4
4 9 9 3
1 1 1 9
2 1 4 4
2 4 7 4
3 6 6 1
10 9
3 1 3 4
1 3 4 9
1 1 1 7
4 2 3 3
4 3 10 3
3 1 3 7
4 6 7 3
3 2 4 5
3 5 7 8
9 10
3 2 2 2
3 2 9 4
2 2 5 4
2 1 1 8
4 4 5 2
4 5 6 1
3 1 2 10
4 2 6 3
1 1 1 5
4 7 8 1
2 6
2 1 1 5
4 1 1 2
4 1 1 3
2 2 2 4
2 1 1 7
3 2 2 10
7 5
4 5 5 1
1 2 4 3
2 3 3 3
3 7 7 5
2 1 1 2
10 4
2 2 2 2
2 1 2 6
4 1 1 3
1 1 3 7
2 10
1 2 2 2
4 2 2 3
4 2 2 2
3 1 2 10
2 1 2 10
2 1 1 10
1 1 1 4
1 1 2 9
4 1 1 3
3 1 1 3
3 5
4 1 3 1
3 2 3 5
3 2 3 1
4 1 1 3
3 1 2 9
9 9
1 9 9 6
1 3 4 10
1 1 8 7
2 2 7 7
2 5 8 7
3 2 3 7
4 3 8 3
2 8 8 4
3 1 1 9
7 5
4 1 2 2
1 2 5 6
2 2 2 3
3 1 2 2
4 1 2 2
2 2
3 2 2 7
3 1 1 5
3 3
2 2 2 8
2 2 2 3
4 1 2 1
5 9
2 4 5 1
1 1 1 1
4 3 3 3
4 2 5 2
4 2 2 2
3 1 4 4
2 2 3 6
3 1 1 1
3 2 3 2
6 4
4 3 6 3
2 3 3 4
2 1 5 7
3 1 4 2
8 10
3 1 2 8
1 1 1 2
2 2 3 3
2 1 2 6
3 3 7 4
2 5 6 10
4 1 2 3
2 4 5 6
4 3 3 2
4 2 8 1
9 1
1 5 7 1
7 7
2 6 7 3
2 1 3 10
4 1 7 3
2 1 7 5
1 4 4 8
1 3 6 4
3 3 4 1
3 8
2 1 1 4
4 2 3 1
3 1 1 3
2 2 2 4
3 1 2 5
1 1 1 3
4 1 2 1
2 1 1 6
2 4
3 1 2 4
4 1 1 1
2 1 1 10
1 1 2 1
1 8
3 1 1 4
1 1 1 3
2 1 1 9
4 1 1 2
4 1 1 2
3 1 1 6
3 1 1 7
1 1 1 5
3 5
2 1 3 10
4 3 3 3
4 1 1 2
2 2 2 1
3 1 1 8
7 6
4 1 4 1
1 3 3 6
2 1 1 9
2 1 4 9
4 6 6 1
1 1 2 8
9 8
2 2 2 8
4 6 9 2
2 8 9 1
1 5 6 5
3 7 9 3
4 2 9 2
4 1 2 1
1 5 6 2
9 4
1 5 8 7
2 2 2 8
2 1 7 9
3 3 9 7
6 9
1 2 3 9
1 2 2 10
2 3 6 10
1 1 5 3
1 2 5 1
1 1 2 2
4 4 4 3
1 1 1 2
1 5 6 7
3 2
1 3 3 8
1 1 1 3
5 9
3 4 4 3
4 2 2 2
3 4 5 7
4 1 1 3
4 2 4 3
4 3 5 2
4 2 5 2
1 2 3 8
3 1 1 5
7 2
3 2 6 3
3 4 4 8
6 10
4 1 5 3
3 1 3 2
1 4 6 8
3 3 3 1
2 2 3 1
4 1 4 1
4 4 6 2
2 3 6 2
3 1 1 5
2 1 1 3
8 10
4 4 5 1
2 2 5 1
3 1 2 2
2 1 2 2
4 5 8 3
4 6 7 1
1 7 8 9
4 8 8 1
2 4 6 6
4 1 3 2
7 7
1 5 5 5
2 3 4 6
1 1 1 3
3 1 1 9
4 5 5 3
3 2 2 4
4 6 7 3
8 7
1 4 5 10
4 3 4 3
1 1 3 6
2 4 7 8
2 7 7 10
2 3 3 5
4 2 6 3
5 10
4 5 5 3
3 1 1 1
1 2 4 3
1 2 5 8
1 1 1 2
3 2 4 10
4 1 1 2
4 3 3 3
2 1 1 5
1 1 1 2
3 9
1 1 2 8
3 2 2 1
2 3 3 2
3 1 2 9
1 1 1 8
2 1 2 1
4 1 2 2
3 1 3 7
3 1 2 2
7 9
4 1 1 1
4 2 5 1
3 1 1 5
1 1 6 2
2 2 4 8
3 2 4 3
4 4 5 3
1 1 2 4
3 4 5 1
3 9
4 1 2 3
1 1 1 10
4 1 1 2
2 2 3 8
4 1 1 2
4 3 3 1
1 1 2 10
2 2 2 6
3 1 3 6
7 6
3 1 1 10
2 1 1 2
3 2 6 8
3 3 3 1
3 1 7 2
4 1 1 3
8 8
4 1 1 2
4 2 3 1
1 2 3 1
3 1 2 1
3 6 6 3
1 5 7 7
4 1 1 2
2 5 5 1
10 9
4 6 10 2
3 6 8 6
4 1 1 3
3 1 1 9
2 9 10 1
2 1 3 3
2 5 8 10
4 2 3 2
1 1 1 2
6 6
2 2 6 6
4 1 1 3
2 2 4 10
4 3 4 2
2 1 3 9
1 4 6 4
7 8
3 4 7 8
3 3 5 1
3 3 4 1
1 1 3 8
3 2 2 9
2 3 4 5
2 4 6 4
3 1 2 10
10 5
1 6 6 5
2 4 6 8
4 1 4 3
4 3 5 3
3 4 9 9
8 3
1 2 2 5
4 5 6 2
2 2 7 5
3 7
1 1 3 2
1 3 3 5
2 1 1 3
2 1 3 9
4 1 3 2
3 1 1 1
3 1 1 3
2 7
4 1 2 1
3 1 2 10
3 2 2 4
2 1 1 10
2 2 2 8
2 1 1 3
3 2 2 10
3 3
3 1 1 8
4 2 3 1
1 1 2 5
5 2
4 4 5 3
1 1 1 2
3 3
2 1 2 5
3 1 3 1
3 1 1 8
1 2
1 1 1 2
2 1 1 5
4 9
2 1 3 10
4 1 2 2
3 1 2 4
1 2 2 1
1 1 2 10
2 2 2 5
1 2 4 1
3 1 2 4
1 2 3 7
6 2
4 1 4 1
4 5 5 1
9 9
2 4 5 10
1 2 9 7
3 2 4 4
2 6 6 2
3 3 6 10
4 1 4 3
3 3 3 6
4 5 6 3
2 1 3 2
1 10
4 1 1 2
1 1 1 10
3 1 1 6
2 1 1 4
4 1 1 3
4 1 1 3
1 1 1 3
1 1 1 6
2 1 1 9
3 1 1 8
6 4
2 1 4 4
2 1 5 7
3 1 2 1
3 4 6 3
5 7
1 1 1 6
2 3 5 9
1 2 2 1
2 3 5 7
4 1 2 3
2 2 2 5
2 1 2 8
3 3
3 1 2 6
1 2 3 4
3 2 2 9
8 9
2 1 4 2
2 4 6 8
4 1 5 1
3 1 4 6
4 3 4 3
2 3 8 8
4 2 3 2
2 1 1 2
2 1 4 2
6 8
3 3 3 10
1 1 1 6
3 5 5 6
1 2 2 7
1 3 4 4
3 3 3 7
1 5 5 6
3 3 5 7
5 4
4 2 2 3
1 1 1 9
3 2 2 10
3 3 5 2
8 7
2 3 3 6
1 4 5 8
1 5 7 6
3 5 6 8
4 7 7 1
4 1 3 1
2 5 5 2
7 3
4 1 1 3
3 1 3 4
1 1 2 3
3 2
2 1 2 8
1 3 3 3
2 4
3 1 1 8
2 2 2 1
1 2 2 5
1 1 2 1
6 5
4 1 5 2
3 1 1 1
3 3 5 10
1 2 3 7
1 1 1 1
5 1
1 1 5 1
10 4
2 8 8 9
2 4 8 9
1 3 4 5
2 8 9 2
10 1
1 6 7 2
8 3
1 2 6 10
1 2 2 3
1 6 6 5
4 3
2 1 1 6
1 2 2 7
4 2 2 2
6 5
1 2 2 8
2 1 1 3
4 1 1 2
2 1 3 6
2 2 3 8
2 5
2 2 2 4
4 1 2 1
4 1 1 1
3 1 1 3
3 2 2 8
6 3
4 2 2 2
4 1 1 2
1 1 2 5
9 1
3 2 3 2
2 3
3 1 2 6
2 1 1 5
1 1 1 8
9 6
3 2 3 4
1 6 6 8
3 2 7 6
2 1 1 6
4 3 5 3
1 2 2 6
6 9
2 4 6 10
3 4 6 6
1 2 5 6
3 2 6 10
4 4 4 2
1 1 2 6
1 2 2 1
2 6 6 7
4 1 2 3
4 1
2 1 1 10
9 8
3 8 9 1
4 2 4 1
3 2 3 4
2 1 2 4
1 2 6 5
3 2 3 2
4 6 8 3
1 1 2 10
6 8
1 2 2 7
2 3 3 5
3 2 2 10
1 3 5 5
1 1 6 6
4 2 5 2
2 1 1 6
3 2 2 6
1 4
1 1 1 7
4 1 1 3
4 1 1 2
3 1 1 8
10 1
3 6 7 9
1 3
4 1 1 2
4 1 1 1
3 1 1 4
3 7
2 2 2 8
4 2 2 3
1 1 3 7
1 3 3 3
4 3 3 2
1 1 1 2
4 1 1 3
0 0




ans:
9
27
35
125
9
6197
25
11
269
24
576
1
0
0
0
0
0
0
0
0
0
100
10
0
216
280
6
0
0
9
0
0
0
5
100
5008
0
0
0
0
0
0
5853
0
0
0
0
10
2404
0
0
96
0
0
0
0
0
1000
0
0
0
216
0
0
1000
234
0
0
1000
8
0
0
0
0
0
149
164
24
0
12
0
0
0
0
0
4071
343
4
0
0
0
16
9
0
0
100
8
0
0
0
577
2000
1000
0
4040
1
0
0
0
0
0
0
0
0
126
0
0
0
3
2
8
3
72
21
10
6
192
686
0
64
9
0
64
64
4
8
8
0
0
0
196
82
88
512
0
0
0
0
1
1
0
900
100
0
3249
2058
3087
0
22
49
0
7
62
3541
3622
0
9
0
0
0
0
0
0
0
0
0
0
0
729
0
0
0
0
0
0
17
0
147
0
196
117
216
0
0
0
0
18
343
4
0
0
343
241
0
0
9
64
3
0
10
8
81
0
125
25
100
245
8
7
0
256
0
0
64
400
4
512
62
0
0
0
5
0
0
2
40
0
64
18
0
144
16
49
162
27
0
216
27
4
16
0
0
0
0
19
0
0
0
0
0
0
0
0
0
0
0
0
7
0
132
38
18
0
256
8
38
343
0
10
1000
0
0
0
0
10
0
0
0
818
49
0
0
246
2744
0
0
0
0
292
0
7
35
9536
0
0
0
0
34
0
0
0
16
64
0
0
237
125
0
27
0
1024
0
108
534
0
900
36
0
2
9
0
100
20
0
50
324
1000
0
0
0
0
3
1
216
0
16
9
0
4
16
0
0
0
81
12
8
1000
343
9609
148
5
50
50
81
56
0
18
0
0
0
0
81
63
64
32
32
0
0
100
0
0
0
27
5
7
9993
4
2
1
0
4
4
100
2000
2744
0
27
125
89
0
1
1429
18
119
2
0
2
6
0
7
16
0
0
0
0
0
0
0
729
27
0
216
3
0
0
3744
0
0
21
0
4
0
0
0
10
0
2916
0
0
0
0
0
0
7916
27
0
0
0
1000
1000
0
125
50
9
81
0
0
0
0
152
125
79
29
21
64
0
4
9
0
0
0
0
550
6212
0
8
1024
64
16
36
0
0
0
0
6
12
0
5832
0
0
0
7886
0
0
7204
0
0
0
0
7926
28
3386
0
6
4632
0
334
300
30
0
0
7
0
0
1
0
0
0
0
0
0
0
0
11
552
18
0
0
0
9
3
4
8
14
27
0
25
0
0
0
0
8
19
0
16
1217
961
32
0
0
0
3
637
0
4
729
1000
133
0
0
0
0
0
0
100
100
0
10
100
81
0
0
0
0
21
49
2
0
9
8057
3264
0
0
0
0
0
162
729
0
0
0
1458
512
512
0
16
6586
0
0
1512
25
5
36
0
0
4
4393
0
0
326
5
0
0
17
1
128
0
2851
0
0
6628
242
25
9
0
1
0
8
0
64
512
73
0
0
0
0
225
0
0
0
0
64
0
0
0
100
149
1001
8
0
0
39
0
9
49
0
343
5
8
8
128
0
729
9
0
10
793
0
2240
8
4
0
11
42
49
0
79
392
2024
0
9
9
1458
0
63
2025
0
0
0
18
2
31
98
49
49
16
0
0
0
50
70
0
0
0
8
430
36
0
756
0
289
0
1944
648
8
72
10
0
2187
162
0
0
1
0
4
9
81
0
125
0
0
100
49
1089
1681
0
0
2
4
100
4
125
125
0
49
50
0
0
0
9
1216
0
4
8
9
27
7
0
6
66
0
0
0
0
0
225
0
0
0
0
0
0
0
128
0
121
0
36
0
2
1
0
512
0
0
351
1000
11
1
9
5000
0
0
4916
0
0
0
0
12
5
250
0
0
0
6
0
405
729
0
0
588
0
0
0
0
4
0
0
0
245
2
8
32
0
0
16
0
640
0
0
0
0
18
0
0
288
0
49
361
0
1
404
0
1586
0
343
0
0
0
0
0
0
0
8
606
0
49
1
1
1
100
49
343
512
512
0
0
0
0
10
3
9
3
4
0
7
1
1000
0
0
1024
0
0
0
8276
9341
0
4
0
98
56
0
6628
0
7
14
3087
54
9
0
0
5
0
0
0
0
0
8
4
1062
0
0
4
8
0
216
1
0
4
0
2
0
0
0
8
0
8
4
4
0
256
15
0
128
54
520
0
0
0
0
6986
2
1331
0
7
2744
16
16
64
1125
1125
150
512
4
16
4
64
5184
36
216
3817
27
0
64
0
49
0
729
9
0
4900
432
0
25
0
0
0
1
6
0
0
80
0
0
0
0
521
53
0
40
512
12
1
9
2
100
72
100
0
6
0
60
0
0
144
0
225
36
29
0
22
54
0
2240
4
4185
0
0
64
4039
27
268
0
0
108
0
0
729
4
8
1
49
25
125
0
6075
0
0
0
27
343
5
1000
2744
0
0
0
64
2925
4800
9759
0
0
0
0
32
40
98
0
64
0
0
0
686
8
25
7634
1
7634
0
0
49
729
81
0
0
1649
4301
40
0
0
0
3888
1651
125
0
0
0
0
0
0
0
343
9
0
88
1664
0
0
6
2
1
0
15
216
0
16
2
0
18
512
0
1
35
0
1458
13
0
0
7716
648
324
0
20
18
1000
7
0
0
0
0
162
15
164
0
0
0
0
0
36
64
7417
0
0
0
125
64
1938
162
162
0
0
243
81
1296
128
0
0
0
0
0
6986
900
0
8
2
0
1
63
0
0
0
0
0
1938
6
9
0
0
4900
0
34
0
54
0
0
100
8059
8159
0
0
9
0
0
52
0
0
0
81
36
0
7
10
16
0
0
3395
0
0
0
0
0
0
0
0
1000
8
8
32
32
0
0
49
0
0
16
5
250
5
300
9
81
6
5
729
0
0
5000
2
25
4096
0
0
0
0
0
100
1600
0
0
2261
2926
0
512
20
3345
8
0
0
0
0
8
4
2051
0
0
8033
0
8
0
0
0
0
0
9751
16
456
0
0
13
4
3969
3969
0
0
0
0
0
77
0
64
0
0
343
98
98
0
13
192
0
0
0
9
32
125
0
1000
481
0
9
1000
370
0
0
35
0
100
100
0
8
0
0
1
0
0
0
0
0
0
0
0
7209
0
0
0
0
0
0
2064
2000
0
3817
3817
217
0
432
2340
0
6
0
0
0
49
0
0
0
0
0
648
100
5129
0
126
619
343
49
0
0
0
100
729
----------------------------------------------------------------------------------
